0 0 0 0 0 0 3 4 0 0 0 0
1 0 1 1 1 0 3 4 1 1 1 0
2 0 2 2 2 0 3 4 2 2 2 0
3 0 0 0 0 1 3 4 3 9 0 1
4 0 1 1 1 1 3 4 4 10 1 1
5 0 2 2 2 1 3 4 5 11 2 1
6 0 9 3 0 2 3 4 6 18 0 2
7 0 10 4 1 2 3 4 7 19 1 2
8 0 11 5 2 2 3 4 8 20 2 2
9 0 18 6 0 3 3 4 9 27 0 3
10 0 19 7 1 3 3 4 10 28 1 3
11 0 20 8 2 3 3 4 11 29 2 3
0 0 108 0 0 0 3 4 0 108 0 0
1 0 109 1 1 0 3 4 1 109 1 0
2 0 110 2 2 0 3 4 2 110 2 0
3 0 108 0 0 1 3 4 3 117 0 1
4 0 109 1 1 1 3 4 4 118 1 1
5 0 110 2 2 1 3 4 5 119 2 1
6 0 117 3 0 2 3 4 6 126 0 2
7 0 118 4 1 2 3 4 7 127 1 2
8 0 119 5 2 2 3 4 8 128 2 2
9 0 126 6 0 3 3 4 9 135 0 3
10 0 127 7 1 3 3 4 10 136 1 3
11 0 128 8 2 3 3 4 11 137 2 3
0 0 216 0 0 0 3 4 0 216 0 0
1 0 217 1 1 0 3 4 1 217 1 0
2 0 218 2 2 0 3 4 2 218 2 0
3 0 216 0 0 1 3 4 3 225 0 1
4 0 217 1 1 1 3 4 4 226 1 1
5 0 218 2 2 1 3 4 5 227 2 1
6 0 225 3 0 2 3 4 6 234 0 2
7 0 226 4 1 2 3 4 7 235 1 2
8 0 227 5 2 2 3 4 8 236 2 2
9 0 234 6 0 3 3 4 9 243 0 3
10 0 235 7 1 3 3 4 10 244 1 3
11 0 236 8 2 3 3 4 11 245 2 3
0 0 324 0 0 0 3 4 0 324 0 0
1 0 325 1 1 0 3 4 1 325 1 0
2 0 326 2 2 0 3 4 2 326 2 0
3 0 324 0 0 1 3 4 3 333 0 1
4 0 325 1 1 1 3 4 4 334 1 1
5 0 326 2 2 1 3 4 5 335 2 1
6 0 333 3 0 2 3 4 6 342 0 2
7 0 334 4 1 2 3 4 7 343 1 2
8 0 335 5 2 2 3 4 8 344 2 2
9 0 342 6 0 3 3 4 9 351 0 3
10 0 343 7 1 3 3 4 10 352 1 3
11 0 344 8 2 3 3 4 11 353 2 3
0 1 3 0 0 0 3 4 0 3 3 0
1 1 4 1 1 0 3 4 1 4 4 0
2 1 5 2 2 0 3 4 2 5 5 0
3 1 3 0 0 1 3 4 3 12 3 1
4 1 4 1 1 1 3 4 4 13 4 1
5 1 5 2 2 1 3 4 5 14 5 1
6 1 12 3 0 2 3 4 6 21 3 2
7 1 13 4 1 2 3 4 7 22 4 2
8 1 14 5 2 2 3 4 8 23 5 2
9 1 21 6 0 3 3 4 9 30 3 3
10 1 22 7 1 3 3 4 10 31 4 3
11 1 23 8 2 3 3 4 11 32 5 3
0 1 111 0 0 0 3 4 0 111 3 0
1 1 112 1 1 0 3 4 1 112 4 0
2 1 113 2 2 0 3 4 2 113 5 0
3 1 111 0 0 1 3 4 3 120 3 1
4 1 112 1 1 1 3 4 4 121 4 1
5 1 113 2 2 1 3 4 5 122 5 1
6 1 120 3 0 2 3 4 6 129 3 2
7 1 121 4 1 2 3 4 7 130 4 2
8 1 122 5 2 2 3 4 8 131 5 2
9 1 129 6 0 3 3 4 9 138 3 3
10 1 130 7 1 3 3 4 10 139 4 3
11 1 131 8 2 3 3 4 11 140 5 3
0 1 219 0 0 0 3 4 0 219 3 0
1 1 220 1 1 0 3 4 1 220 4 0
2 1 221 2 2 0 3 4 2 221 5 0
3 1 219 0 0 1 3 4 3 228 3 1
4 1 220 1 1 1 3 4 4 229 4 1
5 1 221 2 2 1 3 4 5 230 5 1
6 1 228 3 0 2 3 4 6 237 3 2
7 1 229 4 1 2 3 4 7 238 4 2
8 1 230 5 2 2 3 4 8 239 5 2
9 1 237 6 0 3 3 4 9 246 3 3
10 1 238 7 1 3 3 4 10 247 4 3
11 1 239 8 2 3 3 4 11 248 5 3
0 1 327 0 0 0 3 4 0 327 3 0
1 1 328 1 1 0 3 4 1 328 4 0
2 1 329 2 2 0 3 4 2 329 5 0
3 1 327 0 0 1 3 4 3 336 3 1
4 1 328 1 1 1 3 4 4 337 4 1
5 1 329 2 2 1 3 4 5 338 5 1
6 1 336 3 0 2 3 4 6 345 3 2
7 1 337 4 1 2 3 4 7 346 4 2
8 1 338 5 2 2 3 4 8 347 5 2
9 1 345 6 0 3 3 4 9 354 3 3
10 1 346 7 1 3 3 4 10 355 4 3
11 1 347 8 2 3 3 4 11 356 5 3
0 2 6 0 0 0 3 4 0 6 6 0
1 2 7 1 1 0 3 4 1 7 7 0
2 2 8 2 2 0 3 4 2 8 8 0
3 2 6 0 0 1 3 4 3 15 6 1
4 2 7 1 1 1 3 4 4 16 7 1
5 2 8 2 2 1 3 4 5 17 8 1
6 2 15 3 0 2 3 4 6 24 6 2
7 2 16 4 1 2 3 4 7 25 7 2
8 2 17 5 2 2 3 4 8 26 8 2
9 2 24 6 0 3 3 4 9 33 6 3
10 2 25 7 1 3 3 4 10 34 7 3
11 2 26 8 2 3 3 4 11 35 8 3
0 2 114 0 0 0 3 4 0 114 6 0
1 2 115 1 1 0 3 4 1 115 7 0
2 2 116 2 2 0 3 4 2 116 8 0
3 2 114 0 0 1 3 4 3 123 6 1
4 2 115 1 1 1 3 4 4 124 7 1
5 2 116 2 2 1 3 4 5 125 8 1
6 2 123 3 0 2 3 4 6 132 6 2
7 2 124 4 1 2 3 4 7 133 7 2
8 2 125 5 2 2 3 4 8 134 8 2
9 2 132 6 0 3 3 4 9 141 6 3
10 2 133 7 1 3 3 4 10 142 7 3
11 2 134 8 2 3 3 4 11 143 8 3
0 2 222 0 0 0 3 4 0 222 6 0
1 2 223 1 1 0 3 4 1 223 7 0
2 2 224 2 2 0 3 4 2 224 8 0
3 2 222 0 0 1 3 4 3 231 6 1
4 2 223 1 1 1 3 4 4 232 7 1
5 2 224 2 2 1 3 4 5 233 8 1
6 2 231 3 0 2 3 4 6 240 6 2
7 2 232 4 1 2 3 4 7 241 7 2
8 2 233 5 2 2 3 4 8 242 8 2
9 2 240 6 0 3 3 4 9 249 6 3
10 2 241 7 1 3 3 4 10 250 7 3
11 2 242 8 2 3 3 4 11 251 8 3
0 2 330 0 0 0 3 4 0 330 6 0
1 2 331 1 1 0 3 4 1 331 7 0
2 2 332 2 2 0 3 4 2 332 8 0
3 2 330 0 0 1 3 4 3 339 6 1
4 2 331 1 1 1 3 4 4 340 7 1
5 2 332 2 2 1 3 4 5 341 8 1
6 2 339 3 0 2 3 4 6 348 6 2
7 2 340 4 1 2 3 4 7 349 7 2
8 2 341 5 2 2 3 4 8 350 8 2
9 2 348 6 0 3 3 4 9 357 6 3
10 2 349 7 1 3 3 4 10 358 7 3
11 2 350 8 2 3 3 4 11 359 8 3
0 3 27 N 0 0 3 4 0 36 0 4
1 3 28 N 1 0 3 4 1 37 1 4
2 3 29 N 2 0 3 4 2 38 2 4
3 3 36 0 0 1 3 4 3 45 0 5
4 3 37 1 1 1 3 4 4 46 1 5
5 3 38 2 2 1 3 4 5 47 2 5
6 3 45 3 0 2 3 4 6 54 0 6
7 3 46 4 1 2 3 4 7 55 1 6
8 3 47 5 2 2 3 4 8 56 2 6
9 3 54 6 0 3 3 4 9 63 0 7
10 3 55 7 1 3 3 4 10 64 1 7
11 3 56 8 2 3 3 4 11 65 2 7
0 3 135 N 0 0 3 4 0 144 0 4
1 3 136 N 1 0 3 4 1 145 1 4
2 3 137 N 2 0 3 4 2 146 2 4
3 3 144 0 0 1 3 4 3 153 0 5
4 3 145 1 1 1 3 4 4 154 1 5
5 3 146 2 2 1 3 4 5 155 2 5
6 3 153 3 0 2 3 4 6 162 0 6
7 3 154 4 1 2 3 4 7 163 1 6
8 3 155 5 2 2 3 4 8 164 2 6
9 3 162 6 0 3 3 4 9 171 0 7
10 3 163 7 1 3 3 4 10 172 1 7
11 3 164 8 2 3 3 4 11 173 2 7
0 3 243 N 0 0 3 4 0 252 0 4
1 3 244 N 1 0 3 4 1 253 1 4
2 3 245 N 2 0 3 4 2 254 2 4
3 3 252 0 0 1 3 4 3 261 0 5
4 3 253 1 1 1 3 4 4 262 1 5
5 3 254 2 2 1 3 4 5 263 2 5
6 3 261 3 0 2 3 4 6 270 0 6
7 3 262 4 1 2 3 4 7 271 1 6
8 3 263 5 2 2 3 4 8 272 2 6
9 3 270 6 0 3 3 4 9 279 0 7
10 3 271 7 1 3 3 4 10 280 1 7
11 3 272 8 2 3 3 4 11 281 2 7
0 3 351 N 0 0 3 4 0 360 0 4
1 3 352 N 1 0 3 4 1 361 1 4
2 3 353 N 2 0 3 4 2 362 2 4
3 3 360 0 0 1 3 4 3 369 0 5
4 3 361 1 1 1 3 4 4 370 1 5
5 3 362 2 2 1 3 4 5 371 2 5
6 3 369 3 0 2 3 4 6 378 0 6
7 3 370 4 1 2 3 4 7 379 1 6
8 3 371 5 2 2 3 4 8 380 2 6
9 3 378 6 0 3 3 4 9 387 0 7
10 3 379 7 1 3 3 4 10 388 1 7
11 3 380 8 2 3 3 4 11 389 2 7
0 4 30 N 0 0 3 4 0 39 3 4
1 4 31 N 1 0 3 4 1 40 4 4
2 4 32 N 2 0 3 4 2 41 5 4
3 4 39 0 0 1 3 4 3 48 3 5
4 4 40 1 1 1 3 4 4 49 4 5
5 4 41 2 2 1 3 4 5 50 5 5
6 4 48 3 0 2 3 4 6 57 3 6
7 4 49 4 1 2 3 4 7 58 4 6
8 4 50 5 2 2 3 4 8 59 5 6
9 4 57 6 0 3 3 4 9 66 3 7
10 4 58 7 1 3 3 4 10 67 4 7
11 4 59 8 2 3 3 4 11 68 5 7
0 4 138 N 0 0 3 4 0 147 3 4
1 4 139 N 1 0 3 4 1 148 4 4
2 4 140 N 2 0 3 4 2 149 5 4
3 4 147 0 0 1 3 4 3 156 3 5
4 4 148 1 1 1 3 4 4 157 4 5
5 4 149 2 2 1 3 4 5 158 5 5
6 4 156 3 0 2 3 4 6 165 3 6
7 4 157 4 1 2 3 4 7 166 4 6
8 4 158 5 2 2 3 4 8 167 5 6
9 4 165 6 0 3 3 4 9 174 3 7
10 4 166 7 1 3 3 4 10 175 4 7
11 4 167 8 2 3 3 4 11 176 5 7
0 4 246 N 0 0 3 4 0 255 3 4
1 4 247 N 1 0 3 4 1 256 4 4
2 4 248 N 2 0 3 4 2 257 5 4
3 4 255 0 0 1 3 4 3 264 3 5
4 4 256 1 1 1 3 4 4 265 4 5
5 4 257 2 2 1 3 4 5 266 5 5
6 4 264 3 0 2 3 4 6 273 3 6
7 4 265 4 1 2 3 4 7 274 4 6
8 4 266 5 2 2 3 4 8 275 5 6
9 4 273 6 0 3 3 4 9 282 3 7
10 4 274 7 1 3 3 4 10 283 4 7
11 4 275 8 2 3 3 4 11 284 5 7
0 4 354 N 0 0 3 4 0 363 3 4
1 4 355 N 1 0 3 4 1 364 4 4
2 4 356 N 2 0 3 4 2 365 5 4
3 4 363 0 0 1 3 4 3 372 3 5
4 4 364 1 1 1 3 4 4 373 4 5
5 4 365 2 2 1 3 4 5 374 5 5
6 4 372 3 0 2 3 4 6 381 3 6
7 4 373 4 1 2 3 4 7 382 4 6
8 4 374 5 2 2 3 4 8 383 5 6
9 4 381 6 0 3 3 4 9 390 3 7
10 4 382 7 1 3 3 4 10 391 4 7
11 4 383 8 2 3 3 4 11 392 5 7
0 5 33 N 0 0 3 4 0 42 6 4
1 5 34 N 1 0 3 4 1 43 7 4
2 5 35 N 2 0 3 4 2 44 8 4
3 5 42 0 0 1 3 4 3 51 6 5
4 5 43 1 1 1 3 4 4 52 7 5
5 5 44 2 2 1 3 4 5 53 8 5
6 5 51 3 0 2 3 4 6 60 6 6
7 5 52 4 1 2 3 4 7 61 7 6
8 5 53 5 2 2 3 4 8 62 8 6
9 5 60 6 0 3 3 4 9 69 6 7
10 5 61 7 1 3 3 4 10 70 7 7
11 5 62 8 2 3 3 4 11 71 8 7
0 5 141 N 0 0 3 4 0 150 6 4
1 5 142 N 1 0 3 4 1 151 7 4
2 5 143 N 2 0 3 4 2 152 8 4
3 5 150 0 0 1 3 4 3 159 6 5
4 5 151 1 1 1 3 4 4 160 7 5
5 5 152 2 2 1 3 4 5 161 8 5
6 5 159 3 0 2 3 4 6 168 6 6
7 5 160 4 1 2 3 4 7 169 7 6
8 5 161 5 2 2 3 4 8 170 8 6
9 5 168 6 0 3 3 4 9 177 6 7
10 5 169 7 1 3 3 4 10 178 7 7
11 5 170 8 2 3 3 4 11 179 8 7
0 5 249 N 0 0 3 4 0 258 6 4
1 5 250 N 1 0 3 4 1 259 7 4
2 5 251 N 2 0 3 4 2 260 8 4
3 5 258 0 0 1 3 4 3 267 6 5
4 5 259 1 1 1 3 4 4 268 7 5
5 5 260 2 2 1 3 4 5 269 8 5
6 5 267 3 0 2 3 4 6 276 6 6
7 5 268 4 1 2 3 4 7 277 7 6
8 5 269 5 2 2 3 4 8 278 8 6
9 5 276 6 0 3 3 4 9 285 6 7
10 5 277 7 1 3 3 4 10 286 7 7
11 5 278 8 2 3 3 4 11 287 8 7
0 5 357 N 0 0 3 4 0 366 6 4
1 5 358 N 1 0 3 4 1 367 7 4
2 5 359 N 2 0 3 4 2 368 8 4
3 5 366 0 0 1 3 4 3 375 6 5
4 5 367 1 1 1 3 4 4 376 7 5
5 5 368 2 2 1 3 4 5 377 8 5
6 5 375 3 0 2 3 4 6 384 6 6
7 5 376 4 1 2 3 4 7 385 7 6
8 5 377 5 2 2 3 4 8 386 8 6
9 5 384 6 0 3 3 4 9 393 6 7
10 5 385 7 1 3 3 4 10 394 7 7
11 5 386 8 2 3 3 4 11 395 8 7
0 6 63 N 0 0 3 4 0 72 0 8
1 6 64 N 1 0 3 4 1 73 1 8
2 6 65 N 2 0 3 4 2 74 2 8
3 6 72 0 0 1 3 4 3 81 0 9
4 6 73 1 1 1 3 4 4 82 1 9
5 6 74 2 2 1 3 4 5 83 2 9
6 6 81 3 0 2 3 4 6 90 0 10
7 6 82 4 1 2 3 4 7 91 1 10
8 6 83 5 2 2 3 4 8 92 2 10
9 6 90 6 0 3 3 4 9 99 0 11
10 6 91 7 1 3 3 4 10 100 1 11
11 6 92 8 2 3 3 4 11 101 2 11
0 6 171 N 0 0 3 4 0 180 0 8
1 6 172 N 1 0 3 4 1 181 1 8
2 6 173 N 2 0 3 4 2 182 2 8
3 6 180 0 0 1 3 4 3 189 0 9
4 6 181 1 1 1 3 4 4 190 1 9
5 6 182 2 2 1 3 4 5 191 2 9
6 6 189 3 0 2 3 4 6 198 0 10
7 6 190 4 1 2 3 4 7 199 1 10
8 6 191 5 2 2 3 4 8 200 2 10
9 6 198 6 0 3 3 4 9 207 0 11
10 6 199 7 1 3 3 4 10 208 1 11
11 6 200 8 2 3 3 4 11 209 2 11
0 6 279 N 0 0 3 4 0 288 0 8
1 6 280 N 1 0 3 4 1 289 1 8
2 6 281 N 2 0 3 4 2 290 2 8
3 6 288 0 0 1 3 4 3 297 0 9
4 6 289 1 1 1 3 4 4 298 1 9
5 6 290 2 2 1 3 4 5 299 2 9
6 6 297 3 0 2 3 4 6 306 0 10
7 6 298 4 1 2 3 4 7 307 1 10
8 6 299 5 2 2 3 4 8 308 2 10
9 6 306 6 0 3 3 4 9 315 0 11
10 6 307 7 1 3 3 4 10 316 1 11
11 6 308 8 2 3 3 4 11 317 2 11
0 6 387 N 0 0 3 4 0 396 0 8
1 6 388 N 1 0 3 4 1 397 1 8
2 6 389 N 2 0 3 4 2 398 2 8
3 6 396 0 0 1 3 4 3 405 0 9
4 6 397 1 1 1 3 4 4 406 1 9
5 6 398 2 2 1 3 4 5 407 2 9
6 6 405 3 0 2 3 4 6 414 0 10
7 6 406 4 1 2 3 4 7 415 1 10
8 6 407 5 2 2 3 4 8 416 2 10
9 6 414 6 0 3 3 4 9 423 0 11
10 6 415 7 1 3 3 4 10 424 1 11
11 6 416 8 2 3 3 4 11 425 2 11
0 7 66 N 0 0 3 4 0 75 3 8
1 7 67 N 1 0 3 4 1 76 4 8
2 7 68 N 2 0 3 4 2 77 5 8
3 7 75 0 0 1 3 4 3 84 3 9
4 7 76 1 1 1 3 4 4 85 4 9
5 7 77 2 2 1 3 4 5 86 5 9
6 7 84 3 0 2 3 4 6 93 3 10
7 7 85 4 1 2 3 4 7 94 4 10
8 7 86 5 2 2 3 4 8 95 5 10
9 7 93 6 0 3 3 4 9 102 3 11
10 7 94 7 1 3 3 4 10 103 4 11
11 7 95 8 2 3 3 4 11 104 5 11
0 7 174 N 0 0 3 4 0 183 3 8
1 7 175 N 1 0 3 4 1 184 4 8
2 7 176 N 2 0 3 4 2 185 5 8
3 7 183 0 0 1 3 4 3 192 3 9
4 7 184 1 1 1 3 4 4 193 4 9
5 7 185 2 2 1 3 4 5 194 5 9
6 7 192 3 0 2 3 4 6 201 3 10
7 7 193 4 1 2 3 4 7 202 4 10
8 7 194 5 2 2 3 4 8 203 5 10
9 7 201 6 0 3 3 4 9 210 3 11
10 7 202 7 1 3 3 4 10 211 4 11
11 7 203 8 2 3 3 4 11 212 5 11
0 7 282 N 0 0 3 4 0 291 3 8
1 7 283 N 1 0 3 4 1 292 4 8
2 7 284 N 2 0 3 4 2 293 5 8
3 7 291 0 0 1 3 4 3 300 3 9
4 7 292 1 1 1 3 4 4 301 4 9
5 7 293 2 2 1 3 4 5 302 5 9
6 7 300 3 0 2 3 4 6 309 3 10
7 7 301 4 1 2 3 4 7 310 4 10
8 7 302 5 2 2 3 4 8 311 5 10
9 7 309 6 0 3 3 4 9 318 3 11
10 7 310 7 1 3 3 4 10 319 4 11
11 7 311 8 2 3 3 4 11 320 5 11
0 7 390 N 0 0 3 4 0 399 3 8
1 7 391 N 1 0 3 4 1 400 4 8
2 7 392 N 2 0 3 4 2 401 5 8
3 7 399 0 0 1 3 4 3 408 3 9
4 7 400 1 1 1 3 4 4 409 4 9
5 7 401 2 2 1 3 4 5 410 5 9
6 7 408 3 0 2 3 4 6 417 3 10
7 7 409 4 1 2 3 4 7 418 4 10
8 7 410 5 2 2 3 4 8 419 5 10
9 7 417 6 0 3 3 4 9 426 3 11
10 7 418 7 1 3 3 4 10 427 4 11
11 7 419 8 2 3 3 4 11 428 5 11
0 8 69 N 0 0 3 4 0 78 6 8
1 8 70 N 1 0 3 4 1 79 7 8
2 8 71 N 2 0 3 4 2 80 8 8
3 8 78 0 0 1 3 4 3 87 6 9
4 8 79 1 1 1 3 4 4 88 7 9
5 8 80 2 2 1 3 4 5 89 8 9
6 8 87 3 0 2 3 4 6 96 6 10
7 8 88 4 1 2 3 4 7 97 7 10
8 8 89 5 2 2 3 4 8 98 8 10
9 8 96 6 0 3 3 4 9 105 6 11
10 8 97 7 1 3 3 4 10 106 7 11
11 8 98 8 2 3 3 4 11 107 8 11
0 8 177 N 0 0 3 4 0 186 6 8
1 8 178 N 1 0 3 4 1 187 7 8
2 8 179 N 2 0 3 4 2 188 8 8
3 8 186 0 0 1 3 4 3 195 6 9
4 8 187 1 1 1 3 4 4 196 7 9
5 8 188 2 2 1 3 4 5 197 8 9
6 8 195 3 0 2 3 4 6 204 6 10
7 8 196 4 1 2 3 4 7 205 7 10
8 8 197 5 2 2 3 4 8 206 8 10
9 8 204 6 0 3 3 4 9 213 6 11
10 8 205 7 1 3 3 4 10 214 7 11
11 8 206 8 2 3 3 4 11 215 8 11
0 8 285 N 0 0 3 4 0 294 6 8
1 8 286 N 1 0 3 4 1 295 7 8
2 8 287 N 2 0 3 4 2 296 8 8
3 8 294 0 0 1 3 4 3 303 6 9
4 8 295 1 1 1 3 4 4 304 7 9
5 8 296 2 2 1 3 4 5 305 8 9
6 8 303 3 0 2 3 4 6 312 6 10
7 8 304 4 1 2 3 4 7 313 7 10
8 8 305 5 2 2 3 4 8 314 8 10
9 8 312 6 0 3 3 4 9 321 6 11
10 8 313 7 1 3 3 4 10 322 7 11
11 8 314 8 2 3 3 4 11 323 8 11
0 8 393 N 0 0 3 4 0 402 6 8
1 8 394 N 1 0 3 4 1 403 7 8
2 8 395 N 2 0 3 4 2 404 8 8
3 8 402 0 0 1 3 4 3 411 6 9
4 8 403 1 1 1 3 4 4 412 7 9
5 8 404 2 2 1 3 4 5 413 8 9
6 8 411 3 0 2 3 4 6 420 6 10
7 8 412 4 1 2 3 4 7 421 7 10
8 8 413 5 2 2 3 4 8 422 8 10
9 8 420 6 0 3 3 4 9 429 6 11
10 8 421 7 1 3 3 4 10 430 7 11
11 8 422 8 2 3 3 4 11 431 8 11
0 0 0 0 0 0 3 4 0 0 0 0
1 0 1 1 1 0 3 4 1 1 1 0
2 0 2 2 2 0 3 4 2 2 2 0
3 0 0 0 0 1 3 4 3 9 0 1
4 0 1 1 1 1 3 4 4 10 1 1
5 0 2 2 2 1 3 4 5 11 2 1
6 0 9 3 0 2 3 4 6 18 0 2
7 0 10 4 1 2 3 4 7 19 1 2
8 0 11 5 2 2 3 4 8 20 2 2
9 0 18 6 0 3 3 4 9 27 0 3
10 0 19 7 1 3 3 4 10 28 1 3
11 0 20 8 2 3 3 4 11 29 2 3
0 0 108 0 0 0 3 4 0 108 0 0
1 0 109 1 1 0 3 4 1 109 1 0
2 0 110 2 2 0 3 4 2 110 2 0
3 0 108 0 0 1 3 4 3 117 0 1
4 0 109 1 1 1 3 4 4 118 1 1
5 0 110 2 2 1 3 4 5 119 2 1
6 0 117 3 0 2 3 4 6 126 0 2
7 0 118 4 1 2 3 4 7 127 1 2
8 0 119 5 2 2 3 4 8 128 2 2
9 0 126 6 0 3 3 4 9 135 0 3
10 0 127 7 1 3 3 4 10 136 1 3
11 0 128 8 2 3 3 4 11 137 2 3
0 0 216 0 0 0 3 4 0 216 0 0
1 0 217 1 1 0 3 4 1 217 1 0
2 0 218 2 2 0 3 4 2 218 2 0
3 0 216 0 0 1 3 4 3 225 0 1
4 0 217 1 1 1 3 4 4 226 1 1
5 0 218 2 2 1 3 4 5 227 2 1
6 0 225 3 0 2 3 4 6 234 0 2
7 0 226 4 1 2 3 4 7 235 1 2
8 0 227 5 2 2 3 4 8 236 2 2
9 0 234 6 0 3 3 4 9 243 0 3
10 0 235 7 1 3 3 4 10 244 1 3
11 0 236 8 2 3 3 4 11 245 2 3
0 0 324 0 0 0 3 4 0 324 0 0
1 0 325 1 1 0 3 4 1 325 1 0
2 0 326 2 2 0 3 4 2 326 2 0
3 0 324 0 0 1 3 4 3 333 0 1
4 0 325 1 1 1 3 4 4 334 1 1
5 0 326 2 2 1 3 4 5 335 2 1
6 0 333 3 0 2 3 4 6 342 0 2
7 0 334 4 1 2 3 4 7 343 1 2
8 0 335 5 2 2 3 4 8 344 2 2
9 0 342 6 0 3 3 4 9 351 0 3
10 0 343 7 1 3 3 4 10 352 1 3
11 0 344 8 2 3 3 4 11 353 2 3
0 1 3 0 0 0 3 4 0 3 3 0
1 1 4 1 1 0 3 4 1 4 4 0
2 1 5 2 2 0 3 4 2 5 5 0
3 1 3 0 0 1 3 4 3 12 3 1
4 1 4 1 1 1 3 4 4 13 4 1
5 1 5 2 2 1 3 4 5 14 5 1
6 1 12 3 0 2 3 4 6 21 3 2
7 1 13 4 1 2 3 4 7 22 4 2
8 1 14 5 2 2 3 4 8 23 5 2
9 1 21 6 0 3 3 4 9 30 3 3
10 1 22 7 1 3 3 4 10 31 4 3
11 1 23 8 2 3 3 4 11 32 5 3
0 1 111 0 0 0 3 4 0 111 3 0
1 1 112 1 1 0 3 4 1 112 4 0
2 1 113 2 2 0 3 4 2 113 5 0
3 1 111 0 0 1 3 4 3 120 3 1
4 1 112 1 1 1 3 4 4 121 4 1
5 1 113 2 2 1 3 4 5 122 5 1
6 1 120 3 0 2 3 4 6 129 3 2
7 1 121 4 1 2 3 4 7 130 4 2
8 1 122 5 2 2 3 4 8 131 5 2
9 1 129 6 0 3 3 4 9 138 3 3
10 1 130 7 1 3 3 4 10 139 4 3
11 1 131 8 2 3 3 4 11 140 5 3
0 1 219 0 0 0 3 4 0 219 3 0
1 1 220 1 1 0 3 4 1 220 4 0
2 1 221 2 2 0 3 4 2 221 5 0
3 1 219 0 0 1 3 4 3 228 3 1
4 1 220 1 1 1 3 4 4 229 4 1
5 1 221 2 2 1 3 4 5 230 5 1
6 1 228 3 0 2 3 4 6 237 3 2
7 1 229 4 1 2 3 4 7 238 4 2
8 1 230 5 2 2 3 4 8 239 5 2
9 1 237 6 0 3 3 4 9 246 3 3
10 1 238 7 1 3 3 4 10 247 4 3
11 1 239 8 2 3 3 4 11 248 5 3
0 1 327 0 0 0 3 4 0 327 3 0
1 1 328 1 1 0 3 4 1 328 4 0
2 1 329 2 2 0 3 4 2 329 5 0
3 1 327 0 0 1 3 4 3 336 3 1
4 1 328 1 1 1 3 4 4 337 4 1
5 1 329 2 2 1 3 4 5 338 5 1
6 1 336 3 0 2 3 4 6 345 3 2
7 1 337 4 1 2 3 4 7 346 4 2
8 1 338 5 2 2 3 4 8 347 5 2
9 1 345 6 0 3 3 4 9 354 3 3
10 1 346 7 1 3 3 4 10 355 4 3
11 1 347 8 2 3 3 4 11 356 5 3
0 2 6 0 0 0 3 4 0 6 6 0
1 2 7 1 1 0 3 4 1 7 7 0
2 2 8 2 2 0 3 4 2 8 8 0
3 2 6 0 0 1 3 4 3 15 6 1
4 2 7 1 1 1 3 4 4 16 7 1
5 2 8 2 2 1 3 4 5 17 8 1
6 2 15 3 0 2 3 4 6 24 6 2
7 2 16 4 1 2 3 4 7 25 7 2
8 2 17 5 2 2 3 4 8 26 8 2
9 2 24 6 0 3 3 4 9 33 6 3
10 2 25 7 1 3 3 4 10 34 7 3
11 2 26 8 2 3 3 4 11 35 8 3
0 2 114 0 0 0 3 4 0 114 6 0
1 2 115 1 1 0 3 4 1 115 7 0
2 2 116 2 2 0 3 4 2 116 8 0
3 2 114 0 0 1 3 4 3 123 6 1
4 2 115 1 1 1 3 4 4 124 7 1
5 2 116 2 2 1 3 4 5 125 8 1
6 2 123 3 0 2 3 4 6 132 6 2
7 2 124 4 1 2 3 4 7 133 7 2
8 2 125 5 2 2 3 4 8 134 8 2
9 2 132 6 0 3 3 4 9 141 6 3
10 2 133 7 1 3 3 4 10 142 7 3
11 2 134 8 2 3 3 4 11 143 8 3
0 2 222 0 0 0 3 4 0 222 6 0
1 2 223 1 1 0 3 4 1 223 7 0
2 2 224 2 2 0 3 4 2 224 8 0
3 2 222 0 0 1 3 4 3 231 6 1
4 2 223 1 1 1 3 4 4 232 7 1
5 2 224 2 2 1 3 4 5 233 8 1
6 2 231 3 0 2 3 4 6 240 6 2
7 2 232 4 1 2 3 4 7 241 7 2
8 2 233 5 2 2 3 4 8 242 8 2
9 2 240 6 0 3 3 4 9 249 6 3
10 2 241 7 1 3 3 4 10 250 7 3
11 2 242 8 2 3 3 4 11 251 8 3
0 2 330 0 0 0 3 4 0 330 6 0
1 2 331 1 1 0 3 4 1 331 7 0
2 2 332 2 2 0 3 4 2 332 8 0
3 2 330 0 0 1 3 4 3 339 6 1
4 2 331 1 1 1 3 4 4 340 7 1
5 2 332 2 2 1 3 4 5 341 8 1
6 2 339 3 0 2 3 4 6 348 6 2
7 2 340 4 1 2 3 4 7 349 7 2
8 2 341 5 2 2 3 4 8 350 8 2
9 2 348 6 0 3 3 4 9 357 6 3
10 2 349 7 1 3 3 4 10 358 7 3
11 2 350 8 2 3 3 4 11 359 8 3
0 3 27 N 0 0 3 4 0 36 0 4
1 3 28 N 1 0 3 4 1 37 1 4
2 3 29 N 2 0 3 4 2 38 2 4
3 3 36 0 0 1 3 4 3 45 0 5
4 3 37 1 1 1 3 4 4 46 1 5
5 3 38 2 2 1 3 4 5 47 2 5
6 3 45 3 0 2 3 4 6 54 0 6
7 3 46 4 1 2 3 4 7 55 1 6
8 3 47 5 2 2 3 4 8 56 2 6
9 3 54 6 0 3 3 4 9 63 0 7
10 3 55 7 1 3 3 4 10 64 1 7
11 3 56 8 2 3 3 4 11 65 2 7
0 3 135 N 0 0 3 4 0 144 0 4
1 3 136 N 1 0 3 4 1 145 1 4
2 3 137 N 2 0 3 4 2 146 2 4
3 3 144 0 0 1 3 4 3 153 0 5
4 3 145 1 1 1 3 4 4 154 1 5
5 3 146 2 2 1 3 4 5 155 2 5
6 3 153 3 0 2 3 4 6 162 0 6
7 3 154 4 1 2 3 4 7 163 1 6
8 3 155 5 2 2 3 4 8 164 2 6
9 3 162 6 0 3 3 4 9 171 0 7
10 3 163 7 1 3 3 4 10 172 1 7
11 3 164 8 2 3 3 4 11 173 2 7
0 3 243 N 0 0 3 4 0 252 0 4
1 3 244 N 1 0 3 4 1 253 1 4
2 3 245 N 2 0 3 4 2 254 2 4
3 3 252 0 0 1 3 4 3 261 0 5
4 3 253 1 1 1 3 4 4 262 1 5
5 3 254 2 2 1 3 4 5 263 2 5
6 3 261 3 0 2 3 4 6 270 0 6
7 3 262 4 1 2 3 4 7 271 1 6
8 3 263 5 2 2 3 4 8 272 2 6
9 3 270 6 0 3 3 4 9 279 0 7
10 3 271 7 1 3 3 4 10 280 1 7
11 3 272 8 2 3 3 4 11 281 2 7
0 3 351 N 0 0 3 4 0 360 0 4
1 3 352 N 1 0 3 4 1 361 1 4
2 3 353 N 2 0 3 4 2 362 2 4
3 3 360 0 0 1 3 4 3 369 0 5
4 3 361 1 1 1 3 4 4 370 1 5
5 3 362 2 2 1 3 4 5 371 2 5
6 3 369 3 0 2 3 4 6 378 0 6
7 3 370 4 1 2 3 4 7 379 1 6
8 3 371 5 2 2 3 4 8 380 2 6
9 3 378 6 0 3 3 4 9 387 0 7
10 3 379 7 1 3 3 4 10 388 1 7
11 3 380 8 2 3 3 4 11 389 2 7
0 4 30 N 0 0 3 4 0 39 3 4
1 4 31 N 1 0 3 4 1 40 4 4
2 4 32 N 2 0 3 4 2 41 5 4
3 4 39 0 0 1 3 4 3 48 3 5
4 4 40 1 1 1 3 4 4 49 4 5
5 4 41 2 2 1 3 4 5 50 5 5
6 4 48 3 0 2 3 4 6 57 3 6
7 4 49 4 1 2 3 4 7 58 4 6
8 4 50 5 2 2 3 4 8 59 5 6
9 4 57 6 0 3 3 4 9 66 3 7
10 4 58 7 1 3 3 4 10 67 4 7
11 4 59 8 2 3 3 4 11 68 5 7
0 4 138 N 0 0 3 4 0 147 3 4
1 4 139 N 1 0 3 4 1 148 4 4
2 4 140 N 2 0 3 4 2 149 5 4
3 4 147 0 0 1 3 4 3 156 3 5
4 4 148 1 1 1 3 4 4 157 4 5
5 4 149 2 2 1 3 4 5 158 5 5
6 4 156 3 0 2 3 4 6 165 3 6
7 4 157 4 1 2 3 4 7 166 4 6
8 4 158 5 2 2 3 4 8 167 5 6
9 4 165 6 0 3 3 4 9 174 3 7
10 4 166 7 1 3 3 4 10 175 4 7
11 4 167 8 2 3 3 4 11 176 5 7
0 4 246 N 0 0 3 4 0 255 3 4
1 4 247 N 1 0 3 4 1 256 4 4
2 4 248 N 2 0 3 4 2 257 5 4
3 4 255 0 0 1 3 4 3 264 3 5
4 4 256 1 1 1 3 4 4 265 4 5
5 4 257 2 2 1 3 4 5 266 5 5
6 4 264 3 0 2 3 4 6 273 3 6
7 4 265 4 1 2 3 4 7 274 4 6
8 4 266 5 2 2 3 4 8 275 5 6
9 4 273 6 0 3 3 4 9 282 3 7
10 4 274 7 1 3 3 4 10 283 4 7
11 4 275 8 2 3 3 4 11 284 5 7
0 4 354 N 0 0 3 4 0 363 3 4
1 4 355 N 1 0 3 4 1 364 4 4
2 4 356 N 2 0 3 4 2 365 5 4
3 4 363 0 0 1 3 4 3 372 3 5
4 4 364 1 1 1 3 4 4 373 4 5
5 4 365 2 2 1 3 4 5 374 5 5
6 4 372 3 0 2 3 4 6 381 3 6
7 4 373 4 1 2 3 4 7 382 4 6
8 4 374 5 2 2 3 4 8 383 5 6
9 4 381 6 0 3 3 4 9 390 3 7
10 4 382 7 1 3 3 4 10 391 4 7
11 4 383 8 2 3 3 4 11 392 5 7
0 5 33 N 0 0 3 4 0 42 6 4
1 5 34 N 1 0 3 4 1 43 7 4
2 5 35 N 2 0 3 4 2 44 8 4
3 5 42 0 0 1 3 4 3 51 6 5
4 5 43 1 1 1 3 4 4 52 7 5
5 5 44 2 2 1 3 4 5 53 8 5
6 5 51 3 0 2 3 4 6 60 6 6
7 5 52 4 1 2 3 4 7 61 7 6
8 5 53 5 2 2 3 4 8 62 8 6
9 5 60 6 0 3 3 4 9 69 6 7
10 5 61 7 1 3 3 4 10 70 7 7
11 5 62 8 2 3 3 4 11 71 8 7
0 5 141 N 0 0 3 4 0 150 6 4
1 5 142 N 1 0 3 4 1 151 7 4
2 5 143 N 2 0 3 4 2 152 8 4
3 5 150 0 0 1 3 4 3 159 6 5
4 5 151 1 1 1 3 4 4 160 7 5
5 5 152 2 2 1 3 4 5 161 8 5
6 5 159 3 0 2 3 4 6 168 6 6
7 5 160 4 1 2 3 4 7 169 7 6
8 5 161 5 2 2 3 4 8 170 8 6
9 5 168 6 0 3 3 4 9 177 6 7
10 5 169 7 1 3 3 4 10 178 7 7
11 5 170 8 2 3 3 4 11 179 8 7
0 5 249 N 0 0 3 4 0 258 6 4
1 5 250 N 1 0 3 4 1 259 7 4
2 5 251 N 2 0 3 4 2 260 8 4
3 5 258 0 0 1 3 4 3 267 6 5
4 5 259 1 1 1 3 4 4 268 7 5
5 5 260 2 2 1 3 4 5 269 8 5
6 5 267 3 0 2 3 4 6 276 6 6
7 5 268 4 1 2 3 4 7 277 7 6
8 5 269 5 2 2 3 4 8 278 8 6
9 5 276 6 0 3 3 4 9 285 6 7
10 5 277 7 1 3 3 4 10 286 7 7
11 5 278 8 2 3 3 4 11 287 8 7
0 5 357 N 0 0 3 4 0 366 6 4
1 5 358 N 1 0 3 4 1 367 7 4
2 5 359 N 2 0 3 4 2 368 8 4
3 5 366 0 0 1 3 4 3 375 6 5
4 5 367 1 1 1 3 4 4 376 7 5
5 5 368 2 2 1 3 4 5 377 8 5
6 5 375 3 0 2 3 4 6 384 6 6
7 5 376 4 1 2 3 4 7 385 7 6
8 5 377 5 2 2 3 4 8 386 8 6
9 5 384 6 0 3 3 4 9 393 6 7
10 5 385 7 1 3 3 4 10 394 7 7
11 5 386 8 2 3 3 4 11 395 8 7
0 6 63 N 0 0 3 4 0 72 0 8
1 6 64 N 1 0 3 4 1 73 1 8
2 6 65 N 2 0 3 4 2 74 2 8
3 6 72 0 0 1 3 4 3 81 0 9
4 6 73 1 1 1 3 4 4 82 1 9
5 6 74 2 2 1 3 4 5 83 2 9
6 6 81 3 0 2 3 4 6 90 0 10
7 6 82 4 1 2 3 4 7 91 1 10
8 6 83 5 2 2 3 4 8 92 2 10
9 6 90 6 0 3 3 4 9 99 0 11
10 6 91 7 1 3 3 4 10 100 1 11
11 6 92 8 2 3 3 4 11 101 2 11
0 6 171 N 0 0 3 4 0 180 0 8
1 6 172 N 1 0 3 4 1 181 1 8
2 6 173 N 2 0 3 4 2 182 2 8
3 6 180 0 0 1 3 4 3 189 0 9
4 6 181 1 1 1 3 4 4 190 1 9
5 6 182 2 2 1 3 4 5 191 2 9
6 6 189 3 0 2 3 4 6 198 0 10
7 6 190 4 1 2 3 4 7 199 1 10
8 6 191 5 2 2 3 4 8 200 2 10
9 6 198 6 0 3 3 4 9 207 0 11
10 6 199 7 1 3 3 4 10 208 1 11
11 6 200 8 2 3 3 4 11 209 2 11
0 6 279 N 0 0 3 4 0 288 0 8
1 6 280 N 1 0 3 4 1 289 1 8
2 6 281 N 2 0 3 4 2 290 2 8
3 6 288 0 0 1 3 4 3 297 0 9
4 6 289 1 1 1 3 4 4 298 1 9
5 6 290 2 2 1 3 4 5 299 2 9
6 6 297 3 0 2 3 4 6 306 0 10
7 6 298 4 1 2 3 4 7 307 1 10
8 6 299 5 2 2 3 4 8 308 2 10
9 6 306 6 0 3 3 4 9 315 0 11
10 6 307 7 1 3 3 4 10 316 1 11
11 6 308 8 2 3 3 4 11 317 2 11
0 6 387 N 0 0 3 4 0 396 0 8
1 6 388 N 1 0 3 4 1 397 1 8
2 6 389 N 2 0 3 4 2 398 2 8
3 6 396 0 0 1 3 4 3 405 0 9
4 6 397 1 1 1 3 4 4 406 1 9
5 6 398 2 2 1 3 4 5 407 2 9
6 6 405 3 0 2 3 4 6 414 0 10
7 6 406 4 1 2 3 4 7 415 1 10
8 6 407 5 2 2 3 4 8 416 2 10
9 6 414 6 0 3 3 4 9 423 0 11
10 6 415 7 1 3 3 4 10 424 1 11
11 6 416 8 2 3 3 4 11 425 2 11
0 7 66 N 0 0 3 4 0 75 3 8
1 7 67 N 1 0 3 4 1 76 4 8
2 7 68 N 2 0 3 4 2 77 5 8
3 7 75 0 0 1 3 4 3 84 3 9
4 7 76 1 1 1 3 4 4 85 4 9
5 7 77 2 2 1 3 4 5 86 5 9
6 7 84 3 0 2 3 4 6 93 3 10
7 7 85 4 1 2 3 4 7 94 4 10
8 7 86 5 2 2 3 4 8 95 5 10
9 7 93 6 0 3 3 4 9 102 3 11
10 7 94 7 1 3 3 4 10 103 4 11
11 7 95 8 2 3 3 4 11 104 5 11
0 7 174 N 0 0 3 4 0 183 3 8
1 7 175 N 1 0 3 4 1 184 4 8
2 7 176 N 2 0 3 4 2 185 5 8
3 7 183 0 0 1 3 4 3 192 3 9
4 7 184 1 1 1 3 4 4 193 4 9
5 7 185 2 2 1 3 4 5 194 5 9
6 7 192 3 0 2 3 4 6 201 3 10
7 7 193 4 1 2 3 4 7 202 4 10
8 7 194 5 2 2 3 4 8 203 5 10
9 7 201 6 0 3 3 4 9 210 3 11
10 7 202 7 1 3 3 4 10 211 4 11
11 7 203 8 2 3 3 4 11 212 5 11
0 7 282 N 0 0 3 4 0 291 3 8
1 7 283 N 1 0 3 4 1 292 4 8
2 7 284 N 2 0 3 4 2 293 5 8
3 7 291 0 0 1 3 4 3 300 3 9
4 7 292 1 1 1 3 4 4 301 4 9
5 7 293 2 2 1 3 4 5 302 5 9
6 7 300 3 0 2 3 4 6 309 3 10
7 7 301 4 1 2 3 4 7 310 4 10
8 7 302 5 2 2 3 4 8 311 5 10
9 7 309 6 0 3 3 4 9 318 3 11
10 7 310 7 1 3 3 4 10 319 4 11
11 7 311 8 2 3 3 4 11 320 5 11
0 7 390 N 0 0 3 4 0 399 3 8
1 7 391 N 1 0 3 4 1 400 4 8
2 7 392 N 2 0 3 4 2 401 5 8
3 7 399 0 0 1 3 4 3 408 3 9
4 7 400 1 1 1 3 4 4 409 4 9
5 7 401 2 2 1 3 4 5 410 5 9
6 7 408 3 0 2 3 4 6 417 3 10
7 7 409 4 1 2 3 4 7 418 4 10
8 7 410 5 2 2 3 4 8 419 5 10
9 7 417 6 0 3 3 4 9 426 3 11
10 7 418 7 1 3 3 4 10 427 4 11
11 7 419 8 2 3 3 4 11 428 5 11
0 8 69 N 0 0 3 4 0 78 6 8
1 8 70 N 1 0 3 4 1 79 7 8
2 8 71 N 2 0 3 4 2 80 8 8
3 8 78 0 0 1 3 4 3 87 6 9
4 8 79 1 1 1 3 4 4 88 7 9
5 8 80 2 2 1 3 4 5 89 8 9
6 8 87 3 0 2 3 4 6 96 6 10
7 8 88 4 1 2 3 4 7 97 7 10
8 8 89 5 2 2 3 4 8 98 8 10
9 8 96 6 0 3 3 4 9 105 6 11
10 8 97 7 1 3 3 4 10 106 7 11
11 8 98 8 2 3 3 4 11 107 8 11
0 8 177 N 0 0 3 4 0 186 6 8
1 8 178 N 1 0 3 4 1 187 7 8
2 8 179 N 2 0 3 4 2 188 8 8
3 8 186 0 0 1 3 4 3 195 6 9
4 8 187 1 1 1 3 4 4 196 7 9
5 8 188 2 2 1 3 4 5 197 8 9
6 8 195 3 0 2 3 4 6 204 6 10
7 8 196 4 1 2 3 4 7 205 7 10
8 8 197 5 2 2 3 4 8 206 8 10
9 8 204 6 0 3 3 4 9 213 6 11
10 8 205 7 1 3 3 4 10 214 7 11
11 8 206 8 2 3 3 4 11 215 8 11
0 8 285 N 0 0 3 4 0 294 6 8
1 8 286 N 1 0 3 4 1 295 7 8
2 8 287 N 2 0 3 4 2 296 8 8
3 8 294 0 0 1 3 4 3 303 6 9
4 8 295 1 1 1 3 4 4 304 7 9
5 8 296 2 2 1 3 4 5 305 8 9
6 8 303 3 0 2 3 4 6 312 6 10
7 8 304 4 1 2 3 4 7 313 7 10
8 8 305 5 2 2 3 4 8 314 8 10
9 8 312 6 0 3 3 4 9 321 6 11
10 8 313 7 1 3 3 4 10 322 7 11
11 8 314 8 2 3 3 4 11 323 8 11
0 8 393 N 0 0 3 4 0 402 6 8
1 8 394 N 1 0 3 4 1 403 7 8
2 8 395 N 2 0 3 4 2 404 8 8
3 8 402 0 0 1 3 4 3 411 6 9
4 8 403 1 1 1 3 4 4 412 7 9
5 8 404 2 2 1 3 4 5 413 8 9
6 8 411 3 0 2 3 4 6 420 6 10
7 8 412 4 1 2 3 4 7 421 7 10
8 8 413 5 2 2 3 4 8 422 8 10
9 8 420 6 0 3 3 4 9 429 6 11
10 8 421 7 1 3 3 4 10 430 7 11
11 8 422 8 2 3 3 4 11 431 8 11
0 0 0 0 0 0 3 4 0 0 0 0
1 0 1 1 1 0 3 4 1 1 1 0
2 0 2 2 2 0 3 4 2 2 2 0
3 0 0 0 0 1 3 4 3 9 0 1
4 0 1 1 1 1 3 4 4 10 1 1
5 0 2 2 2 1 3 4 5 11 2 1
6 0 9 3 0 2 3 4 6 18 0 2
7 0 10 4 1 2 3 4 7 19 1 2
8 0 11 5 2 2 3 4 8 20 2 2
9 0 18 6 0 3 3 4 9 27 0 3
10 0 19 7 1 3 3 4 10 28 1 3
11 0 20 8 2 3 3 4 11 29 2 3
0 0 108 0 0 0 3 4 0 108 0 0
1 0 109 1 1 0 3 4 1 109 1 0
2 0 110 2 2 0 3 4 2 110 2 0
3 0 108 0 0 1 3 4 3 117 0 1
4 0 109 1 1 1 3 4 4 118 1 1
5 0 110 2 2 1 3 4 5 119 2 1
6 0 117 3 0 2 3 4 6 126 0 2
7 0 118 4 1 2 3 4 7 127 1 2
8 0 119 5 2 2 3 4 8 128 2 2
9 0 126 6 0 3 3 4 9 135 0 3
10 0 127 7 1 3 3 4 10 136 1 3
11 0 128 8 2 3 3 4 11 137 2 3
0 0 216 0 0 0 3 4 0 216 0 0
1 0 217 1 1 0 3 4 1 217 1 0
2 0 218 2 2 0 3 4 2 218 2 0
3 0 216 0 0 1 3 4 3 225 0 1
4 0 217 1 1 1 3 4 4 226 1 1
5 0 218 2 2 1 3 4 5 227 2 1
6 0 225 3 0 2 3 4 6 234 0 2
7 0 226 4 1 2 3 4 7 235 1 2
8 0 227 5 2 2 3 4 8 236 2 2
9 0 234 6 0 3 3 4 9 243 0 3
10 0 235 7 1 3 3 4 10 244 1 3
11 0 236 8 2 3 3 4 11 245 2 3
0 0 324 0 0 0 3 4 0 324 0 0
1 0 325 1 1 0 3 4 1 325 1 0
2 0 326 2 2 0 3 4 2 326 2 0
3 0 324 0 0 1 3 4 3 333 0 1
4 0 325 1 1 1 3 4 4 334 1 1
5 0 326 2 2 1 3 4 5 335 2 1
6 0 333 3 0 2 3 4 6 342 0 2
7 0 334 4 1 2 3 4 7 343 1 2
8 0 335 5 2 2 3 4 8 344 2 2
9 0 342 6 0 3 3 4 9 351 0 3
10 0 343 7 1 3 3 4 10 352 1 3
11 0 344 8 2 3 3 4 11 353 2 3
0 1 3 0 0 0 3 4 0 3 3 0
1 1 4 1 1 0 3 4 1 4 4 0
2 1 5 2 2 0 3 4 2 5 5 0
3 1 3 0 0 1 3 4 3 12 3 1
4 1 4 1 1 1 3 4 4 13 4 1
5 1 5 2 2 1 3 4 5 14 5 1
6 1 12 3 0 2 3 4 6 21 3 2
7 1 13 4 1 2 3 4 7 22 4 2
8 1 14 5 2 2 3 4 8 23 5 2
9 1 21 6 0 3 3 4 9 30 3 3
10 1 22 7 1 3 3 4 10 31 4 3
11 1 23 8 2 3 3 4 11 32 5 3
0 1 111 0 0 0 3 4 0 111 3 0
1 1 112 1 1 0 3 4 1 112 4 0
2 1 113 2 2 0 3 4 2 113 5 0
3 1 111 0 0 1 3 4 3 120 3 1
4 1 112 1 1 1 3 4 4 121 4 1
5 1 113 2 2 1 3 4 5 122 5 1
6 1 120 3 0 2 3 4 6 129 3 2
7 1 121 4 1 2 3 4 7 130 4 2
8 1 122 5 2 2 3 4 8 131 5 2
9 1 129 6 0 3 3 4 9 138 3 3
10 1 130 7 1 3 3 4 10 139 4 3
11 1 131 8 2 3 3 4 11 140 5 3
0 1 219 0 0 0 3 4 0 219 3 0
1 1 220 1 1 0 3 4 1 220 4 0
2 1 221 2 2 0 3 4 2 221 5 0
3 1 219 0 0 1 3 4 3 228 3 1
4 1 220 1 1 1 3 4 4 229 4 1
5 1 221 2 2 1 3 4 5 230 5 1
6 1 228 3 0 2 3 4 6 237 3 2
7 1 229 4 1 2 3 4 7 238 4 2
8 1 230 5 2 2 3 4 8 239 5 2
9 1 237 6 0 3 3 4 9 246 3 3
10 1 238 7 1 3 3 4 10 247 4 3
11 1 239 8 2 3 3 4 11 248 5 3
0 1 327 0 0 0 3 4 0 327 3 0
1 1 328 1 1 0 3 4 1 328 4 0
2 1 329 2 2 0 3 4 2 329 5 0
3 1 327 0 0 1 3 4 3 336 3 1
4 1 328 1 1 1 3 4 4 337 4 1
5 1 329 2 2 1 3 4 5 338 5 1
6 1 336 3 0 2 3 4 6 345 3 2
7 1 337 4 1 2 3 4 7 346 4 2
8 1 338 5 2 2 3 4 8 347 5 2
9 1 345 6 0 3 3 4 9 354 3 3
10 1 346 7 1 3 3 4 10 355 4 3
11 1 347 8 2 3 3 4 11 356 5 3
0 2 6 0 0 0 3 4 0 6 6 0
1 2 7 1 1 0 3 4 1 7 7 0
2 2 8 2 2 0 3 4 2 8 8 0
3 2 6 0 0 1 3 4 3 15 6 1
4 2 7 1 1 1 3 4 4 16 7 1
5 2 8 2 2 1 3 4 5 17 8 1
6 2 15 3 0 2 3 4 6 24 6 2
7 2 16 4 1 2 3 4 7 25 7 2
8 2 17 5 2 2 3 4 8 26 8 2
9 2 24 6 0 3 3 4 9 33 6 3
10 2 25 7 1 3 3 4 10 34 7 3
11 2 26 8 2 3 3 4 11 35 8 3
0 2 114 0 0 0 3 4 0 114 6 0
1 2 115 1 1 0 3 4 1 115 7 0
2 2 116 2 2 0 3 4 2 116 8 0
3 2 114 0 0 1 3 4 3 123 6 1
4 2 115 1 1 1 3 4 4 124 7 1
5 2 116 2 2 1 3 4 5 125 8 1
6 2 123 3 0 2 3 4 6 132 6 2
7 2 124 4 1 2 3 4 7 133 7 2
8 2 125 5 2 2 3 4 8 134 8 2
9 2 132 6 0 3 3 4 9 141 6 3
10 2 133 7 1 3 3 4 10 142 7 3
11 2 134 8 2 3 3 4 11 143 8 3
0 2 222 0 0 0 3 4 0 222 6 0
1 2 223 1 1 0 3 4 1 223 7 0
2 2 224 2 2 0 3 4 2 224 8 0
3 2 222 0 0 1 3 4 3 231 6 1
4 2 223 1 1 1 3 4 4 232 7 1
5 2 224 2 2 1 3 4 5 233 8 1
6 2 231 3 0 2 3 4 6 240 6 2
7 2 232 4 1 2 3 4 7 241 7 2
8 2 233 5 2 2 3 4 8 242 8 2
9 2 240 6 0 3 3 4 9 249 6 3
10 2 241 7 1 3 3 4 10 250 7 3
11 2 242 8 2 3 3 4 11 251 8 3
0 2 330 0 0 0 3 4 0 330 6 0
1 2 331 1 1 0 3 4 1 331 7 0
2 2 332 2 2 0 3 4 2 332 8 0
3 2 330 0 0 1 3 4 3 339 6 1
4 2 331 1 1 1 3 4 4 340 7 1
5 2 332 2 2 1 3 4 5 341 8 1
6 2 339 3 0 2 3 4 6 348 6 2
7 2 340 4 1 2 3 4 7 349 7 2
8 2 341 5 2 2 3 4 8 350 8 2
9 2 348 6 0 3 3 4 9 357 6 3
10 2 349 7 1 3 3 4 10 358 7 3
11 2 350 8 2 3 3 4 11 359 8 3
0 3 27 N 0 0 3 4 0 36 0 4
1 3 28 N 1 0 3 4 1 37 1 4
2 3 29 N 2 0 3 4 2 38 2 4
3 3 36 0 0 1 3 4 3 45 0 5
4 3 37 1 1 1 3 4 4 46 1 5
5 3 38 2 2 1 3 4 5 47 2 5
6 3 45 3 0 2 3 4 6 54 0 6
7 3 46 4 1 2 3 4 7 55 1 6
8 3 47 5 2 2 3 4 8 56 2 6
9 3 54 6 0 3 3 4 9 63 0 7
10 3 55 7 1 3 3 4 10 64 1 7
11 3 56 8 2 3 3 4 11 65 2 7
0 3 135 N 0 0 3 4 0 144 0 4
1 3 136 N 1 0 3 4 1 145 1 4
2 3 137 N 2 0 3 4 2 146 2 4
3 3 144 0 0 1 3 4 3 153 0 5
4 3 145 1 1 1 3 4 4 154 1 5
5 3 146 2 2 1 3 4 5 155 2 5
6 3 153 3 0 2 3 4 6 162 0 6
7 3 154 4 1 2 3 4 7 163 1 6
8 3 155 5 2 2 3 4 8 164 2 6
9 3 162 6 0 3 3 4 9 171 0 7
10 3 163 7 1 3 3 4 10 172 1 7
11 3 164 8 2 3 3 4 11 173 2 7
0 3 243 N 0 0 3 4 0 252 0 4
1 3 244 N 1 0 3 4 1 253 1 4
2 3 245 N 2 0 3 4 2 254 2 4
3 3 252 0 0 1 3 4 3 261 0 5
4 3 253 1 1 1 3 4 4 262 1 5
5 3 254 2 2 1 3 4 5 263 2 5
6 3 261 3 0 2 3 4 6 270 0 6
7 3 262 4 1 2 3 4 7 271 1 6
8 3 263 5 2 2 3 4 8 272 2 6
9 3 270 6 0 3 3 4 9 279 0 7
10 3 271 7 1 3 3 4 10 280 1 7
11 3 272 8 2 3 3 4 11 281 2 7
0 3 351 N 0 0 3 4 0 360 0 4
1 3 352 N 1 0 3 4 1 361 1 4
2 3 353 N 2 0 3 4 2 362 2 4
3 3 360 0 0 1 3 4 3 369 0 5
4 3 361 1 1 1 3 4 4 370 1 5
5 3 362 2 2 1 3 4 5 371 2 5
6 3 369 3 0 2 3 4 6 378 0 6
7 3 370 4 1 2 3 4 7 379 1 6
8 3 371 5 2 2 3 4 8 380 2 6
9 3 378 6 0 3 3 4 9 387 0 7
10 3 379 7 1 3 3 4 10 388 1 7
11 3 380 8 2 3 3 4 11 389 2 7
0 4 30 N 0 0 3 4 0 39 3 4
1 4 31 N 1 0 3 4 1 40 4 4
2 4 32 N 2 0 3 4 2 41 5 4
3 4 39 0 0 1 3 4 3 48 3 5
4 4 40 1 1 1 3 4 4 49 4 5
5 4 41 2 2 1 3 4 5 50 5 5
6 4 48 3 0 2 3 4 6 57 3 6
7 4 49 4 1 2 3 4 7 58 4 6
8 4 50 5 2 2 3 4 8 59 5 6
9 4 57 6 0 3 3 4 9 66 3 7
10 4 58 7 1 3 3 4 10 67 4 7
11 4 59 8 2 3 3 4 11 68 5 7
0 4 138 N 0 0 3 4 0 147 3 4
1 4 139 N 1 0 3 4 1 148 4 4
2 4 140 N 2 0 3 4 2 149 5 4
3 4 147 0 0 1 3 4 3 156 3 5
4 4 148 1 1 1 3 4 4 157 4 5
5 4 149 2 2 1 3 4 5 158 5 5
6 4 156 3 0 2 3 4 6 165 3 6
7 4 157 4 1 2 3 4 7 166 4 6
8 4 158 5 2 2 3 4 8 167 5 6
9 4 165 6 0 3 3 4 9 174 3 7
10 4 166 7 1 3 3 4 10 175 4 7
11 4 167 8 2 3 3 4 11 176 5 7
0 4 246 N 0 0 3 4 0 255 3 4
1 4 247 N 1 0 3 4 1 256 4 4
2 4 248 N 2 0 3 4 2 257 5 4
3 4 255 0 0 1 3 4 3 264 3 5
4 4 256 1 1 1 3 4 4 265 4 5
5 4 257 2 2 1 3 4 5 266 5 5
6 4 264 3 0 2 3 4 6 273 3 6
7 4 265 4 1 2 3 4 7 274 4 6
8 4 266 5 2 2 3 4 8 275 5 6
9 4 273 6 0 3 3 4 9 282 3 7
10 4 274 7 1 3 3 4 10 283 4 7
11 4 275 8 2 3 3 4 11 284 5 7
0 4 354 N 0 0 3 4 0 363 3 4
1 4 355 N 1 0 3 4 1 364 4 4
2 4 356 N 2 0 3 4 2 365 5 4
3 4 363 0 0 1 3 4 3 372 3 5
4 4 364 1 1 1 3 4 4 373 4 5
5 4 365 2 2 1 3 4 5 374 5 5
6 4 372 3 0 2 3 4 6 381 3 6
7 4 373 4 1 2 3 4 7 382 4 6
8 4 374 5 2 2 3 4 8 383 5 6
9 4 381 6 0 3 3 4 9 390 3 7
10 4 382 7 1 3 3 4 10 391 4 7
11 4 383 8 2 3 3 4 11 392 5 7
0 5 33 N 0 0 3 4 0 42 6 4
1 5 34 N 1 0 3 4 1 43 7 4
2 5 35 N 2 0 3 4 2 44 8 4
3 5 42 0 0 1 3 4 3 51 6 5
4 5 43 1 1 1 3 4 4 52 7 5
5 5 44 2 2 1 3 4 5 53 8 5
6 5 51 3 0 2 3 4 6 60 6 6
7 5 52 4 1 2 3 4 7 61 7 6
8 5 53 5 2 2 3 4 8 62 8 6
9 5 60 6 0 3 3 4 9 69 6 7
10 5 61 7 1 3 3 4 10 70 7 7
11 5 62 8 2 3 3 4 11 71 8 7
0 5 141 N 0 0 3 4 0 150 6 4
1 5 142 N 1 0 3 4 1 151 7 4
2 5 143 N 2 0 3 4 2 152 8 4
3 5 150 0 0 1 3 4 3 159 6 5
4 5 151 1 1 1 3 4 4 160 7 5
5 5 152 2 2 1 3 4 5 161 8 5
6 5 159 3 0 2 3 4 6 168 6 6
7 5 160 4 1 2 3 4 7 169 7 6
8 5 161 5 2 2 3 4 8 170 8 6
9 5 168 6 0 3 3 4 9 177 6 7
10 5 169 7 1 3 3 4 10 178 7 7
11 5 170 8 2 3 3 4 11 179 8 7
0 5 249 N 0 0 3 4 0 258 6 4
1 5 250 N 1 0 3 4 1 259 7 4
2 5 251 N 2 0 3 4 2 260 8 4
3 5 258 0 0 1 3 4 3 267 6 5
4 5 259 1 1 1 3 4 4 268 7 5
5 5 260 2 2 1 3 4 5 269 8 5
6 5 267 3 0 2 3 4 6 276 6 6
7 5 268 4 1 2 3 4 7 277 7 6
8 5 269 5 2 2 3 4 8 278 8 6
9 5 276 6 0 3 3 4 9 285 6 7
10 5 277 7 1 3 3 4 10 286 7 7
11 5 278 8 2 3 3 4 11 287 8 7
0 5 357 N 0 0 3 4 0 366 6 4
1 5 358 N 1 0 3 4 1 367 7 4
2 5 359 N 2 0 3 4 2 368 8 4
3 5 366 0 0 1 3 4 3 375 6 5
4 5 367 1 1 1 3 4 4 376 7 5
5 5 368 2 2 1 3 4 5 377 8 5
6 5 375 3 0 2 3 4 6 384 6 6
7 5 376 4 1 2 3 4 7 385 7 6
8 5 377 5 2 2 3 4 8 386 8 6
9 5 384 6 0 3 3 4 9 393 6 7
10 5 385 7 1 3 3 4 10 394 7 7
11 5 386 8 2 3 3 4 11 395 8 7
0 6 63 N 0 0 3 4 0 72 0 8
1 6 64 N 1 0 3 4 1 73 1 8
2 6 65 N 2 0 3 4 2 74 2 8
3 6 72 0 0 1 3 4 3 81 0 9
4 6 73 1 1 1 3 4 4 82 1 9
5 6 74 2 2 1 3 4 5 83 2 9
6 6 81 3 0 2 3 4 6 90 0 10
7 6 82 4 1 2 3 4 7 91 1 10
8 6 83 5 2 2 3 4 8 92 2 10
9 6 90 6 0 3 3 4 9 99 0 11
10 6 91 7 1 3 3 4 10 100 1 11
11 6 92 8 2 3 3 4 11 101 2 11
0 6 171 N 0 0 3 4 0 180 0 8
1 6 172 N 1 0 3 4 1 181 1 8
2 6 173 N 2 0 3 4 2 182 2 8
3 6 180 0 0 1 3 4 3 189 0 9
4 6 181 1 1 1 3 4 4 190 1 9
5 6 182 2 2 1 3 4 5 191 2 9
6 6 189 3 0 2 3 4 6 198 0 10
7 6 190 4 1 2 3 4 7 199 1 10
8 6 191 5 2 2 3 4 8 200 2 10
9 6 198 6 0 3 3 4 9 207 0 11
10 6 199 7 1 3 3 4 10 208 1 11
11 6 200 8 2 3 3 4 11 209 2 11
0 6 279 N 0 0 3 4 0 288 0 8
1 6 280 N 1 0 3 4 1 289 1 8
2 6 281 N 2 0 3 4 2 290 2 8
3 6 288 0 0 1 3 4 3 297 0 9
4 6 289 1 1 1 3 4 4 298 1 9
5 6 290 2 2 1 3 4 5 299 2 9
6 6 297 3 0 2 3 4 6 306 0 10
7 6 298 4 1 2 3 4 7 307 1 10
8 6 299 5 2 2 3 4 8 308 2 10
9 6 306 6 0 3 3 4 9 315 0 11
10 6 307 7 1 3 3 4 10 316 1 11
11 6 308 8 2 3 3 4 11 317 2 11
0 6 387 N 0 0 3 4 0 396 0 8
1 6 388 N 1 0 3 4 1 397 1 8
2 6 389 N 2 0 3 4 2 398 2 8
3 6 396 0 0 1 3 4 3 405 0 9
4 6 397 1 1 1 3 4 4 406 1 9
5 6 398 2 2 1 3 4 5 407 2 9
6 6 405 3 0 2 3 4 6 414 0 10
7 6 406 4 1 2 3 4 7 415 1 10
8 6 407 5 2 2 3 4 8 416 2 10
9 6 414 6 0 3 3 4 9 423 0 11
10 6 415 7 1 3 3 4 10 424 1 11
11 6 416 8 2 3 3 4 11 425 2 11
0 7 66 N 0 0 3 4 0 75 3 8
1 7 67 N 1 0 3 4 1 76 4 8
2 7 68 N 2 0 3 4 2 77 5 8
3 7 75 0 0 1 3 4 3 84 3 9
4 7 76 1 1 1 3 4 4 85 4 9
5 7 77 2 2 1 3 4 5 86 5 9
6 7 84 3 0 2 3 4 6 93 3 10
7 7 85 4 1 2 3 4 7 94 4 10
8 7 86 5 2 2 3 4 8 95 5 10
9 7 93 6 0 3 3 4 9 102 3 11
10 7 94 7 1 3 3 4 10 103 4 11
11 7 95 8 2 3 3 4 11 104 5 11
0 7 174 N 0 0 3 4 0 183 3 8
1 7 175 N 1 0 3 4 1 184 4 8
2 7 176 N 2 0 3 4 2 185 5 8
3 7 183 0 0 1 3 4 3 192 3 9
4 7 184 1 1 1 3 4 4 193 4 9
5 7 185 2 2 1 3 4 5 194 5 9
6 7 192 3 0 2 3 4 6 201 3 10
7 7 193 4 1 2 3 4 7 202 4 10
8 7 194 5 2 2 3 4 8 203 5 10
9 7 201 6 0 3 3 4 9 210 3 11
10 7 202 7 1 3 3 4 10 211 4 11
11 7 203 8 2 3 3 4 11 212 5 11
0 7 282 N 0 0 3 4 0 291 3 8
1 7 283 N 1 0 3 4 1 292 4 8
2 7 284 N 2 0 3 4 2 293 5 8
3 7 291 0 0 1 3 4 3 300 3 9
4 7 292 1 1 1 3 4 4 301 4 9
5 7 293 2 2 1 3 4 5 302 5 9
6 7 300 3 0 2 3 4 6 309 3 10
7 7 301 4 1 2 3 4 7 310 4 10
8 7 302 5 2 2 3 4 8 311 5 10
9 7 309 6 0 3 3 4 9 318 3 11
10 7 310 7 1 3 3 4 10 319 4 11
11 7 311 8 2 3 3 4 11 320 5 11
0 7 390 N 0 0 3 4 0 399 3 8
1 7 391 N 1 0 3 4 1 400 4 8
2 7 392 N 2 0 3 4 2 401 5 8
3 7 399 0 0 1 3 4 3 408 3 9
4 7 400 1 1 1 3 4 4 409 4 9
5 7 401 2 2 1 3 4 5 410 5 9
6 7 408 3 0 2 3 4 6 417 3 10
7 7 409 4 1 2 3 4 7 418 4 10
8 7 410 5 2 2 3 4 8 419 5 10
9 7 417 6 0 3 3 4 9 426 3 11
10 7 418 7 1 3 3 4 10 427 4 11
11 7 419 8 2 3 3 4 11 428 5 11
0 8 69 N 0 0 3 4 0 78 6 8
1 8 70 N 1 0 3 4 1 79 7 8
2 8 71 N 2 0 3 4 2 80 8 8
3 8 78 0 0 1 3 4 3 87 6 9
4 8 79 1 1 1 3 4 4 88 7 9
5 8 80 2 2 1 3 4 5 89 8 9
6 8 87 3 0 2 3 4 6 96 6 10
7 8 88 4 1 2 3 4 7 97 7 10
8 8 89 5 2 2 3 4 8 98 8 10
9 8 96 6 0 3 3 4 9 105 6 11
10 8 97 7 1 3 3 4 10 106 7 11
11 8 98 8 2 3 3 4 11 107 8 11
0 8 177 N 0 0 3 4 0 186 6 8
1 8 178 N 1 0 3 4 1 187 7 8
2 8 179 N 2 0 3 4 2 188 8 8
3 8 186 0 0 1 3 4 3 195 6 9
4 8 187 1 1 1 3 4 4 196 7 9
5 8 188 2 2 1 3 4 5 197 8 9
6 8 195 3 0 2 3 4 6 204 6 10
7 8 196 4 1 2 3 4 7 205 7 10
8 8 197 5 2 2 3 4 8 206 8 10
9 8 204 6 0 3 3 4 9 213 6 11
10 8 205 7 1 3 3 4 10 214 7 11
11 8 206 8 2 3 3 4 11 215 8 11
0 8 285 N 0 0 3 4 0 294 6 8
1 8 286 N 1 0 3 4 1 295 7 8
2 8 287 N 2 0 3 4 2 296 8 8
3 8 294 0 0 1 3 4 3 303 6 9
4 8 295 1 1 1 3 4 4 304 7 9
5 8 296 2 2 1 3 4 5 305 8 9
6 8 303 3 0 2 3 4 6 312 6 10
7 8 304 4 1 2 3 4 7 313 7 10
8 8 305 5 2 2 3 4 8 314 8 10
9 8 312 6 0 3 3 4 9 321 6 11
10 8 313 7 1 3 3 4 10 322 7 11
11 8 314 8 2 3 3 4 11 323 8 11
0 8 393 N 0 0 3 4 0 402 6 8
1 8 394 N 1 0 3 4 1 403 7 8
2 8 395 N 2 0 3 4 2 404 8 8
3 8 402 0 0 1 3 4 3 411 6 9
4 8 403 1 1 1 3 4 4 412 7 9
5 8 404 2 2 1 3 4 5 413 8 9
6 8 411 3 0 2 3 4 6 420 6 10
7 8 412 4 1 2 3 4 7 421 7 10
8 8 413 5 2 2 3 4 8 422 8 10
9 8 420 6 0 3 3 4 9 429 6 11
10 8 421 7 1 3 3 4 10 430 7 11
11 8 422 8 2 3 3 4 11 431 8 11
