0 0 192 N 0 0 5 4 0 20 1 1
1 0 193 5 1 0 5 4 1 20 1 1
2 0 194 6 2 0 5 4 2 20 1 1
3 0 195 7 3 0 5 4 3 20 1 1
4 0 196 8 4 0 5 4 4 20 1 1
5 0 204 N 0 1 5 4 5 20 1 2
6 0 205 10 1 1 5 4 6 20 1 2
7 0 206 11 2 1 5 4 7 20 1 2
8 0 207 12 3 1 5 4 8 20 1 2
9 0 208 13 4 1 5 4 9 20 1 2
10 0 216 N 0 2 5 4 10 20 1 3
11 0 217 15 1 2 5 4 11 20 1 3
12 0 218 16 2 2 5 4 12 20 1 3
13 0 219 17 3 2 5 4 13 20 1 3
14 0 220 18 4 2 5 4 14 20 1 3
15 0 228 N 0 3 5 4 15 20 1 4
16 0 229 N 1 3 5 4 16 20 1 4
17 0 230 N 2 3 5 4 17 20 1 4
18 0 231 N 3 3 5 4 18 20 1 4
19 0 232 N 4 3 5 4 19 20 1 4
0 0 192 N 0 0 5 4 0 20 1 1
1 0 193 5 1 0 5 4 1 20 1 1
2 0 194 6 2 0 5 4 2 20 1 1
3 0 195 7 3 0 5 4 3 20 1 1
4 0 196 8 4 0 5 4 4 20 1 1
5 0 204 N 0 1 5 4 5 20 1 2
6 0 205 10 1 1 5 4 6 20 1 2
7 0 206 11 2 1 5 4 7 20 1 2
8 0 207 12 3 1 5 4 8 20 1 2
9 0 208 13 4 1 5 4 9 20 1 2
10 0 216 N 0 2 5 4 10 20 1 3
11 0 217 15 1 2 5 4 11 20 1 3
12 0 218 16 2 2 5 4 12 20 1 3
13 0 219 17 3 2 5 4 13 20 1 3
14 0 220 18 4 2 5 4 14 20 1 3
15 0 228 N 0 3 5 4 15 20 1 4
16 0 229 N 1 3 5 4 16 20 1 4
17 0 230 N 2 3 5 4 17 20 1 4
18 0 231 N 3 3 5 4 18 20 1 4
19 0 232 N 4 3 5 4 19 20 1 4
0 0 360 N 0 0 5 4 0 20 2 1
1 0 361 5 1 0 5 4 1 20 2 1
2 0 362 6 2 0 5 4 2 20 2 1
3 0 363 7 3 0 5 4 3 20 2 1
4 0 364 8 4 0 5 4 4 20 2 1
5 0 372 N 0 1 5 4 5 20 2 2
6 0 373 10 1 1 5 4 6 20 2 2
7 0 374 11 2 1 5 4 7 20 2 2
8 0 375 12 3 1 5 4 8 20 2 2
9 0 376 13 4 1 5 4 9 20 2 2
10 0 384 N 0 2 5 4 10 20 2 3
11 0 385 15 1 2 5 4 11 20 2 3
12 0 386 16 2 2 5 4 12 20 2 3
13 0 387 17 3 2 5 4 13 20 2 3
14 0 388 18 4 2 5 4 14 20 2 3
15 0 396 N 0 3 5 4 15 20 2 4
16 0 397 N 1 3 5 4 16 20 2 4
17 0 398 N 2 3 5 4 17 20 2 4
18 0 399 N 3 3 5 4 18 20 2 4
19 0 400 N 4 3 5 4 19 20 2 4
0 0 360 N 0 0 5 4 0 20 2 1
1 0 361 5 1 0 5 4 1 20 2 1
2 0 362 6 2 0 5 4 2 20 2 1
3 0 363 7 3 0 5 4 3 20 2 1
4 0 364 8 4 0 5 4 4 20 2 1
5 0 372 N 0 1 5 4 5 20 2 2
6 0 373 10 1 1 5 4 6 20 2 2
7 0 374 11 2 1 5 4 7 20 2 2
8 0 375 12 3 1 5 4 8 20 2 2
9 0 376 13 4 1 5 4 9 20 2 2
10 0 384 N 0 2 5 4 10 20 2 3
11 0 385 15 1 2 5 4 11 20 2 3
12 0 386 16 2 2 5 4 12 20 2 3
13 0 387 17 3 2 5 4 13 20 2 3
14 0 388 18 4 2 5 4 14 20 2 3
15 0 396 N 0 3 5 4 15 20 2 4
16 0 397 N 1 3 5 4 16 20 2 4
17 0 398 N 2 3 5 4 17 20 2 4
18 0 399 N 3 3 5 4 18 20 2 4
19 0 400 N 4 3 5 4 19 20 2 4
0 0 192 N 0 0 5 4 0 20 1 1
1 0 193 5 1 0 5 4 1 20 1 1
2 0 194 6 2 0 5 4 2 20 1 1
3 0 195 7 3 0 5 4 3 20 1 1
4 0 196 8 4 0 5 4 4 20 1 1
5 0 204 N 0 1 5 4 5 20 1 2
6 0 205 10 1 1 5 4 6 20 1 2
7 0 206 11 2 1 5 4 7 20 1 2
8 0 207 12 3 1 5 4 8 20 1 2
9 0 208 13 4 1 5 4 9 20 1 2
10 0 216 N 0 2 5 4 10 20 1 3
11 0 217 15 1 2 5 4 11 20 1 3
12 0 218 16 2 2 5 4 12 20 1 3
13 0 219 17 3 2 5 4 13 20 1 3
14 0 220 18 4 2 5 4 14 20 1 3
15 0 228 N 0 3 5 4 15 20 1 4
16 0 229 N 1 3 5 4 16 20 1 4
17 0 230 N 2 3 5 4 17 20 1 4
18 0 231 N 3 3 5 4 18 20 1 4
19 0 232 N 4 3 5 4 19 20 1 4
0 0 192 N 0 0 5 4 0 20 1 1
1 0 193 5 1 0 5 4 1 20 1 1
2 0 194 6 2 0 5 4 2 20 1 1
3 0 195 7 3 0 5 4 3 20 1 1
4 0 196 8 4 0 5 4 4 20 1 1
5 0 204 N 0 1 5 4 5 20 1 2
6 0 205 10 1 1 5 4 6 20 1 2
7 0 206 11 2 1 5 4 7 20 1 2
8 0 207 12 3 1 5 4 8 20 1 2
9 0 208 13 4 1 5 4 9 20 1 2
10 0 216 N 0 2 5 4 10 20 1 3
11 0 217 15 1 2 5 4 11 20 1 3
12 0 218 16 2 2 5 4 12 20 1 3
13 0 219 17 3 2 5 4 13 20 1 3
14 0 220 18 4 2 5 4 14 20 1 3
15 0 228 N 0 3 5 4 15 20 1 4
16 0 229 N 1 3 5 4 16 20 1 4
17 0 230 N 2 3 5 4 17 20 1 4
18 0 231 N 3 3 5 4 18 20 1 4
19 0 232 N 4 3 5 4 19 20 1 4
0 0 360 N 0 0 5 4 0 20 2 1
1 0 361 5 1 0 5 4 1 20 2 1
2 0 362 6 2 0 5 4 2 20 2 1
3 0 363 7 3 0 5 4 3 20 2 1
4 0 364 8 4 0 5 4 4 20 2 1
5 0 372 N 0 1 5 4 5 20 2 2
6 0 373 10 1 1 5 4 6 20 2 2
7 0 374 11 2 1 5 4 7 20 2 2
8 0 375 12 3 1 5 4 8 20 2 2
9 0 376 13 4 1 5 4 9 20 2 2
10 0 384 N 0 2 5 4 10 20 2 3
11 0 385 15 1 2 5 4 11 20 2 3
12 0 386 16 2 2 5 4 12 20 2 3
13 0 387 17 3 2 5 4 13 20 2 3
14 0 388 18 4 2 5 4 14 20 2 3
15 0 396 N 0 3 5 4 15 20 2 4
16 0 397 N 1 3 5 4 16 20 2 4
17 0 398 N 2 3 5 4 17 20 2 4
18 0 399 N 3 3 5 4 18 20 2 4
19 0 400 N 4 3 5 4 19 20 2 4
0 0 360 N 0 0 5 4 0 20 2 1
1 0 361 5 1 0 5 4 1 20 2 1
2 0 362 6 2 0 5 4 2 20 2 1
3 0 363 7 3 0 5 4 3 20 2 1
4 0 364 8 4 0 5 4 4 20 2 1
5 0 372 N 0 1 5 4 5 20 2 2
6 0 373 10 1 1 5 4 6 20 2 2
7 0 374 11 2 1 5 4 7 20 2 2
8 0 375 12 3 1 5 4 8 20 2 2
9 0 376 13 4 1 5 4 9 20 2 2
10 0 384 N 0 2 5 4 10 20 2 3
11 0 385 15 1 2 5 4 11 20 2 3
12 0 386 16 2 2 5 4 12 20 2 3
13 0 387 17 3 2 5 4 13 20 2 3
14 0 388 18 4 2 5 4 14 20 2 3
15 0 396 N 0 3 5 4 15 20 2 4
16 0 397 N 1 3 5 4 16 20 2 4
17 0 398 N 2 3 5 4 17 20 2 4
18 0 399 N 3 3 5 4 18 20 2 4
19 0 400 N 4 3 5 4 19 20 2 4
0 0 192 N 0 0 5 4 0 20 1 1
1 0 193 5 1 0 5 4 1 20 1 1
2 0 194 6 2 0 5 4 2 20 1 1
3 0 195 7 3 0 5 4 3 20 1 1
4 0 196 8 4 0 5 4 4 20 1 1
5 0 204 N 0 1 5 4 5 20 1 2
6 0 205 10 1 1 5 4 6 20 1 2
7 0 206 11 2 1 5 4 7 20 1 2
8 0 207 12 3 1 5 4 8 20 1 2
9 0 208 13 4 1 5 4 9 20 1 2
10 0 216 N 0 2 5 4 10 20 1 3
11 0 217 15 1 2 5 4 11 20 1 3
12 0 218 16 2 2 5 4 12 20 1 3
13 0 219 17 3 2 5 4 13 20 1 3
14 0 220 18 4 2 5 4 14 20 1 3
15 0 228 N 0 3 5 4 15 20 1 4
16 0 229 N 1 3 5 4 16 20 1 4
17 0 230 N 2 3 5 4 17 20 1 4
18 0 231 N 3 3 5 4 18 20 1 4
19 0 232 N 4 3 5 4 19 20 1 4
0 0 192 N 0 0 5 4 0 20 1 1
1 0 193 5 1 0 5 4 1 20 1 1
2 0 194 6 2 0 5 4 2 20 1 1
3 0 195 7 3 0 5 4 3 20 1 1
4 0 196 8 4 0 5 4 4 20 1 1
5 0 204 N 0 1 5 4 5 20 1 2
6 0 205 10 1 1 5 4 6 20 1 2
7 0 206 11 2 1 5 4 7 20 1 2
8 0 207 12 3 1 5 4 8 20 1 2
9 0 208 13 4 1 5 4 9 20 1 2
10 0 216 N 0 2 5 4 10 20 1 3
11 0 217 15 1 2 5 4 11 20 1 3
12 0 218 16 2 2 5 4 12 20 1 3
13 0 219 17 3 2 5 4 13 20 1 3
14 0 220 18 4 2 5 4 14 20 1 3
15 0 228 N 0 3 5 4 15 20 1 4
16 0 229 N 1 3 5 4 16 20 1 4
17 0 230 N 2 3 5 4 17 20 1 4
18 0 231 N 3 3 5 4 18 20 1 4
19 0 232 N 4 3 5 4 19 20 1 4
0 0 360 N 0 0 5 4 0 20 2 1
1 0 361 5 1 0 5 4 1 20 2 1
2 0 362 6 2 0 5 4 2 20 2 1
3 0 363 7 3 0 5 4 3 20 2 1
4 0 364 8 4 0 5 4 4 20 2 1
5 0 372 N 0 1 5 4 5 20 2 2
6 0 373 10 1 1 5 4 6 20 2 2
7 0 374 11 2 1 5 4 7 20 2 2
8 0 375 12 3 1 5 4 8 20 2 2
9 0 376 13 4 1 5 4 9 20 2 2
10 0 384 N 0 2 5 4 10 20 2 3
11 0 385 15 1 2 5 4 11 20 2 3
12 0 386 16 2 2 5 4 12 20 2 3
13 0 387 17 3 2 5 4 13 20 2 3
14 0 388 18 4 2 5 4 14 20 2 3
15 0 396 N 0 3 5 4 15 20 2 4
16 0 397 N 1 3 5 4 16 20 2 4
17 0 398 N 2 3 5 4 17 20 2 4
18 0 399 N 3 3 5 4 18 20 2 4
19 0 400 N 4 3 5 4 19 20 2 4
0 0 360 N 0 0 5 4 0 20 2 1
1 0 361 5 1 0 5 4 1 20 2 1
2 0 362 6 2 0 5 4 2 20 2 1
3 0 363 7 3 0 5 4 3 20 2 1
4 0 364 8 4 0 5 4 4 20 2 1
5 0 372 N 0 1 5 4 5 20 2 2
6 0 373 10 1 1 5 4 6 20 2 2
7 0 374 11 2 1 5 4 7 20 2 2
8 0 375 12 3 1 5 4 8 20 2 2
9 0 376 13 4 1 5 4 9 20 2 2
10 0 384 N 0 2 5 4 10 20 2 3
11 0 385 15 1 2 5 4 11 20 2 3
12 0 386 16 2 2 5 4 12 20 2 3
13 0 387 17 3 2 5 4 13 20 2 3
14 0 388 18 4 2 5 4 14 20 2 3
15 0 396 N 0 3 5 4 15 20 2 4
16 0 397 N 1 3 5 4 16 20 2 4
17 0 398 N 2 3 5 4 17 20 2 4
18 0 399 N 3 3 5 4 18 20 2 4
19 0 400 N 4 3 5 4 19 20 2 4
0 1 197 N 0 0 5 4 0 20 1 1
1 1 198 5 1 0 5 4 1 20 1 1
2 1 199 6 2 0 5 4 2 20 1 1
3 1 200 7 3 0 5 4 3 20 1 1
4 1 201 8 4 0 5 4 4 20 1 1
5 1 209 N 0 1 5 4 5 20 1 2
6 1 210 10 1 1 5 4 6 20 1 2
7 1 211 11 2 1 5 4 7 20 1 2
8 1 212 12 3 1 5 4 8 20 1 2
9 1 213 13 4 1 5 4 9 20 1 2
10 1 221 N 0 2 5 4 10 20 1 3
11 1 222 15 1 2 5 4 11 20 1 3
12 1 223 16 2 2 5 4 12 20 1 3
13 1 224 17 3 2 5 4 13 20 1 3
14 1 225 18 4 2 5 4 14 20 1 3
15 1 233 N 0 3 5 4 15 20 1 4
16 1 234 N 1 3 5 4 16 20 1 4
17 1 235 N 2 3 5 4 17 20 1 4
18 1 236 N 3 3 5 4 18 20 1 4
19 1 237 N 4 3 5 4 19 20 1 4
0 1 197 N 0 0 5 4 0 20 1 1
1 1 198 5 1 0 5 4 1 20 1 1
2 1 199 6 2 0 5 4 2 20 1 1
3 1 200 7 3 0 5 4 3 20 1 1
4 1 201 8 4 0 5 4 4 20 1 1
5 1 209 N 0 1 5 4 5 20 1 2
6 1 210 10 1 1 5 4 6 20 1 2
7 1 211 11 2 1 5 4 7 20 1 2
8 1 212 12 3 1 5 4 8 20 1 2
9 1 213 13 4 1 5 4 9 20 1 2
10 1 221 N 0 2 5 4 10 20 1 3
11 1 222 15 1 2 5 4 11 20 1 3
12 1 223 16 2 2 5 4 12 20 1 3
13 1 224 17 3 2 5 4 13 20 1 3
14 1 225 18 4 2 5 4 14 20 1 3
15 1 233 N 0 3 5 4 15 20 1 4
16 1 234 N 1 3 5 4 16 20 1 4
17 1 235 N 2 3 5 4 17 20 1 4
18 1 236 N 3 3 5 4 18 20 1 4
19 1 237 N 4 3 5 4 19 20 1 4
0 1 365 N 0 0 5 4 0 20 2 1
1 1 366 5 1 0 5 4 1 20 2 1
2 1 367 6 2 0 5 4 2 20 2 1
3 1 368 7 3 0 5 4 3 20 2 1
4 1 369 8 4 0 5 4 4 20 2 1
5 1 377 N 0 1 5 4 5 20 2 2
6 1 378 10 1 1 5 4 6 20 2 2
7 1 379 11 2 1 5 4 7 20 2 2
8 1 380 12 3 1 5 4 8 20 2 2
9 1 381 13 4 1 5 4 9 20 2 2
10 1 389 N 0 2 5 4 10 20 2 3
11 1 390 15 1 2 5 4 11 20 2 3
12 1 391 16 2 2 5 4 12 20 2 3
13 1 392 17 3 2 5 4 13 20 2 3
14 1 393 18 4 2 5 4 14 20 2 3
15 1 401 N 0 3 5 4 15 20 2 4
16 1 402 N 1 3 5 4 16 20 2 4
17 1 403 N 2 3 5 4 17 20 2 4
18 1 404 N 3 3 5 4 18 20 2 4
19 1 405 N 4 3 5 4 19 20 2 4
0 1 365 N 0 0 5 4 0 20 2 1
1 1 366 5 1 0 5 4 1 20 2 1
2 1 367 6 2 0 5 4 2 20 2 1
3 1 368 7 3 0 5 4 3 20 2 1
4 1 369 8 4 0 5 4 4 20 2 1
5 1 377 N 0 1 5 4 5 20 2 2
6 1 378 10 1 1 5 4 6 20 2 2
7 1 379 11 2 1 5 4 7 20 2 2
8 1 380 12 3 1 5 4 8 20 2 2
9 1 381 13 4 1 5 4 9 20 2 2
10 1 389 N 0 2 5 4 10 20 2 3
11 1 390 15 1 2 5 4 11 20 2 3
12 1 391 16 2 2 5 4 12 20 2 3
13 1 392 17 3 2 5 4 13 20 2 3
14 1 393 18 4 2 5 4 14 20 2 3
15 1 401 N 0 3 5 4 15 20 2 4
16 1 402 N 1 3 5 4 16 20 2 4
17 1 403 N 2 3 5 4 17 20 2 4
18 1 404 N 3 3 5 4 18 20 2 4
19 1 405 N 4 3 5 4 19 20 2 4
0 1 197 N 0 0 5 4 0 20 1 1
1 1 198 5 1 0 5 4 1 20 1 1
2 1 199 6 2 0 5 4 2 20 1 1
3 1 200 7 3 0 5 4 3 20 1 1
4 1 201 8 4 0 5 4 4 20 1 1
5 1 209 N 0 1 5 4 5 20 1 2
6 1 210 10 1 1 5 4 6 20 1 2
7 1 211 11 2 1 5 4 7 20 1 2
8 1 212 12 3 1 5 4 8 20 1 2
9 1 213 13 4 1 5 4 9 20 1 2
10 1 221 N 0 2 5 4 10 20 1 3
11 1 222 15 1 2 5 4 11 20 1 3
12 1 223 16 2 2 5 4 12 20 1 3
13 1 224 17 3 2 5 4 13 20 1 3
14 1 225 18 4 2 5 4 14 20 1 3
15 1 233 N 0 3 5 4 15 20 1 4
16 1 234 N 1 3 5 4 16 20 1 4
17 1 235 N 2 3 5 4 17 20 1 4
18 1 236 N 3 3 5 4 18 20 1 4
19 1 237 N 4 3 5 4 19 20 1 4
0 1 197 N 0 0 5 4 0 20 1 1
1 1 198 5 1 0 5 4 1 20 1 1
2 1 199 6 2 0 5 4 2 20 1 1
3 1 200 7 3 0 5 4 3 20 1 1
4 1 201 8 4 0 5 4 4 20 1 1
5 1 209 N 0 1 5 4 5 20 1 2
6 1 210 10 1 1 5 4 6 20 1 2
7 1 211 11 2 1 5 4 7 20 1 2
8 1 212 12 3 1 5 4 8 20 1 2
9 1 213 13 4 1 5 4 9 20 1 2
10 1 221 N 0 2 5 4 10 20 1 3
11 1 222 15 1 2 5 4 11 20 1 3
12 1 223 16 2 2 5 4 12 20 1 3
13 1 224 17 3 2 5 4 13 20 1 3
14 1 225 18 4 2 5 4 14 20 1 3
15 1 233 N 0 3 5 4 15 20 1 4
16 1 234 N 1 3 5 4 16 20 1 4
17 1 235 N 2 3 5 4 17 20 1 4
18 1 236 N 3 3 5 4 18 20 1 4
19 1 237 N 4 3 5 4 19 20 1 4
0 1 365 N 0 0 5 4 0 20 2 1
1 1 366 5 1 0 5 4 1 20 2 1
2 1 367 6 2 0 5 4 2 20 2 1
3 1 368 7 3 0 5 4 3 20 2 1
4 1 369 8 4 0 5 4 4 20 2 1
5 1 377 N 0 1 5 4 5 20 2 2
6 1 378 10 1 1 5 4 6 20 2 2
7 1 379 11 2 1 5 4 7 20 2 2
8 1 380 12 3 1 5 4 8 20 2 2
9 1 381 13 4 1 5 4 9 20 2 2
10 1 389 N 0 2 5 4 10 20 2 3
11 1 390 15 1 2 5 4 11 20 2 3
12 1 391 16 2 2 5 4 12 20 2 3
13 1 392 17 3 2 5 4 13 20 2 3
14 1 393 18 4 2 5 4 14 20 2 3
15 1 401 N 0 3 5 4 15 20 2 4
16 1 402 N 1 3 5 4 16 20 2 4
17 1 403 N 2 3 5 4 17 20 2 4
18 1 404 N 3 3 5 4 18 20 2 4
19 1 405 N 4 3 5 4 19 20 2 4
0 1 365 N 0 0 5 4 0 20 2 1
1 1 366 5 1 0 5 4 1 20 2 1
2 1 367 6 2 0 5 4 2 20 2 1
3 1 368 7 3 0 5 4 3 20 2 1
4 1 369 8 4 0 5 4 4 20 2 1
5 1 377 N 0 1 5 4 5 20 2 2
6 1 378 10 1 1 5 4 6 20 2 2
7 1 379 11 2 1 5 4 7 20 2 2
8 1 380 12 3 1 5 4 8 20 2 2
9 1 381 13 4 1 5 4 9 20 2 2
10 1 389 N 0 2 5 4 10 20 2 3
11 1 390 15 1 2 5 4 11 20 2 3
12 1 391 16 2 2 5 4 12 20 2 3
13 1 392 17 3 2 5 4 13 20 2 3
14 1 393 18 4 2 5 4 14 20 2 3
15 1 401 N 0 3 5 4 15 20 2 4
16 1 402 N 1 3 5 4 16 20 2 4
17 1 403 N 2 3 5 4 17 20 2 4
18 1 404 N 3 3 5 4 18 20 2 4
19 1 405 N 4 3 5 4 19 20 2 4
0 1 197 N 0 0 5 4 0 20 1 1
1 1 198 5 1 0 5 4 1 20 1 1
2 1 199 6 2 0 5 4 2 20 1 1
3 1 200 7 3 0 5 4 3 20 1 1
4 1 201 8 4 0 5 4 4 20 1 1
5 1 209 N 0 1 5 4 5 20 1 2
6 1 210 10 1 1 5 4 6 20 1 2
7 1 211 11 2 1 5 4 7 20 1 2
8 1 212 12 3 1 5 4 8 20 1 2
9 1 213 13 4 1 5 4 9 20 1 2
10 1 221 N 0 2 5 4 10 20 1 3
11 1 222 15 1 2 5 4 11 20 1 3
12 1 223 16 2 2 5 4 12 20 1 3
13 1 224 17 3 2 5 4 13 20 1 3
14 1 225 18 4 2 5 4 14 20 1 3
15 1 233 N 0 3 5 4 15 20 1 4
16 1 234 N 1 3 5 4 16 20 1 4
17 1 235 N 2 3 5 4 17 20 1 4
18 1 236 N 3 3 5 4 18 20 1 4
19 1 237 N 4 3 5 4 19 20 1 4
0 1 197 N 0 0 5 4 0 20 1 1
1 1 198 5 1 0 5 4 1 20 1 1
2 1 199 6 2 0 5 4 2 20 1 1
3 1 200 7 3 0 5 4 3 20 1 1
4 1 201 8 4 0 5 4 4 20 1 1
5 1 209 N 0 1 5 4 5 20 1 2
6 1 210 10 1 1 5 4 6 20 1 2
7 1 211 11 2 1 5 4 7 20 1 2
8 1 212 12 3 1 5 4 8 20 1 2
9 1 213 13 4 1 5 4 9 20 1 2
10 1 221 N 0 2 5 4 10 20 1 3
11 1 222 15 1 2 5 4 11 20 1 3
12 1 223 16 2 2 5 4 12 20 1 3
13 1 224 17 3 2 5 4 13 20 1 3
14 1 225 18 4 2 5 4 14 20 1 3
15 1 233 N 0 3 5 4 15 20 1 4
16 1 234 N 1 3 5 4 16 20 1 4
17 1 235 N 2 3 5 4 17 20 1 4
18 1 236 N 3 3 5 4 18 20 1 4
19 1 237 N 4 3 5 4 19 20 1 4
0 1 365 N 0 0 5 4 0 20 2 1
1 1 366 5 1 0 5 4 1 20 2 1
2 1 367 6 2 0 5 4 2 20 2 1
3 1 368 7 3 0 5 4 3 20 2 1
4 1 369 8 4 0 5 4 4 20 2 1
5 1 377 N 0 1 5 4 5 20 2 2
6 1 378 10 1 1 5 4 6 20 2 2
7 1 379 11 2 1 5 4 7 20 2 2
8 1 380 12 3 1 5 4 8 20 2 2
9 1 381 13 4 1 5 4 9 20 2 2
10 1 389 N 0 2 5 4 10 20 2 3
11 1 390 15 1 2 5 4 11 20 2 3
12 1 391 16 2 2 5 4 12 20 2 3
13 1 392 17 3 2 5 4 13 20 2 3
14 1 393 18 4 2 5 4 14 20 2 3
15 1 401 N 0 3 5 4 15 20 2 4
16 1 402 N 1 3 5 4 16 20 2 4
17 1 403 N 2 3 5 4 17 20 2 4
18 1 404 N 3 3 5 4 18 20 2 4
19 1 405 N 4 3 5 4 19 20 2 4
0 1 365 N 0 0 5 4 0 20 2 1
1 1 366 5 1 0 5 4 1 20 2 1
2 1 367 6 2 0 5 4 2 20 2 1
3 1 368 7 3 0 5 4 3 20 2 1
4 1 369 8 4 0 5 4 4 20 2 1
5 1 377 N 0 1 5 4 5 20 2 2
6 1 378 10 1 1 5 4 6 20 2 2
7 1 379 11 2 1 5 4 7 20 2 2
8 1 380 12 3 1 5 4 8 20 2 2
9 1 381 13 4 1 5 4 9 20 2 2
10 1 389 N 0 2 5 4 10 20 2 3
11 1 390 15 1 2 5 4 11 20 2 3
12 1 391 16 2 2 5 4 12 20 2 3
13 1 392 17 3 2 5 4 13 20 2 3
14 1 393 18 4 2 5 4 14 20 2 3
15 1 401 N 0 3 5 4 15 20 2 4
16 1 402 N 1 3 5 4 16 20 2 4
17 1 403 N 2 3 5 4 17 20 2 4
18 1 404 N 3 3 5 4 18 20 2 4
19 1 405 N 4 3 5 4 19 20 2 4
0 2 240 N 0 0 5 4 0 20 1 5
1 2 241 5 1 0 5 4 1 20 1 5
2 2 242 6 2 0 5 4 2 20 1 5
3 2 243 7 3 0 5 4 3 20 1 5
4 2 244 8 4 0 5 4 4 20 1 5
5 2 252 N 0 1 5 4 5 20 1 6
6 2 253 10 1 1 5 4 6 20 1 6
7 2 254 11 2 1 5 4 7 20 1 6
8 2 255 12 3 1 5 4 8 20 1 6
9 2 256 13 4 1 5 4 9 20 1 6
10 2 264 N 0 2 5 4 10 20 1 7
11 2 265 15 1 2 5 4 11 20 1 7
12 2 266 16 2 2 5 4 12 20 1 7
13 2 267 17 3 2 5 4 13 20 1 7
14 2 268 18 4 2 5 4 14 20 1 7
15 2 276 N 0 3 5 4 15 20 1 8
16 2 277 N 1 3 5 4 16 20 1 8
17 2 278 N 2 3 5 4 17 20 1 8
18 2 279 N 3 3 5 4 18 20 1 8
19 2 280 N 4 3 5 4 19 20 1 8
0 2 240 N 0 0 5 4 0 20 1 5
1 2 241 5 1 0 5 4 1 20 1 5
2 2 242 6 2 0 5 4 2 20 1 5
3 2 243 7 3 0 5 4 3 20 1 5
4 2 244 8 4 0 5 4 4 20 1 5
5 2 252 N 0 1 5 4 5 20 1 6
6 2 253 10 1 1 5 4 6 20 1 6
7 2 254 11 2 1 5 4 7 20 1 6
8 2 255 12 3 1 5 4 8 20 1 6
9 2 256 13 4 1 5 4 9 20 1 6
10 2 264 N 0 2 5 4 10 20 1 7
11 2 265 15 1 2 5 4 11 20 1 7
12 2 266 16 2 2 5 4 12 20 1 7
13 2 267 17 3 2 5 4 13 20 1 7
14 2 268 18 4 2 5 4 14 20 1 7
15 2 276 N 0 3 5 4 15 20 1 8
16 2 277 N 1 3 5 4 16 20 1 8
17 2 278 N 2 3 5 4 17 20 1 8
18 2 279 N 3 3 5 4 18 20 1 8
19 2 280 N 4 3 5 4 19 20 1 8
0 2 408 N 0 0 5 4 0 20 2 5
1 2 409 5 1 0 5 4 1 20 2 5
2 2 410 6 2 0 5 4 2 20 2 5
3 2 411 7 3 0 5 4 3 20 2 5
4 2 412 8 4 0 5 4 4 20 2 5
5 2 420 N 0 1 5 4 5 20 2 6
6 2 421 10 1 1 5 4 6 20 2 6
7 2 422 11 2 1 5 4 7 20 2 6
8 2 423 12 3 1 5 4 8 20 2 6
9 2 424 13 4 1 5 4 9 20 2 6
10 2 432 N 0 2 5 4 10 20 2 7
11 2 433 15 1 2 5 4 11 20 2 7
12 2 434 16 2 2 5 4 12 20 2 7
13 2 435 17 3 2 5 4 13 20 2 7
14 2 436 18 4 2 5 4 14 20 2 7
15 2 444 N 0 3 5 4 15 20 2 8
16 2 445 N 1 3 5 4 16 20 2 8
17 2 446 N 2 3 5 4 17 20 2 8
18 2 447 N 3 3 5 4 18 20 2 8
19 2 448 N 4 3 5 4 19 20 2 8
0 2 408 N 0 0 5 4 0 20 2 5
1 2 409 5 1 0 5 4 1 20 2 5
2 2 410 6 2 0 5 4 2 20 2 5
3 2 411 7 3 0 5 4 3 20 2 5
4 2 412 8 4 0 5 4 4 20 2 5
5 2 420 N 0 1 5 4 5 20 2 6
6 2 421 10 1 1 5 4 6 20 2 6
7 2 422 11 2 1 5 4 7 20 2 6
8 2 423 12 3 1 5 4 8 20 2 6
9 2 424 13 4 1 5 4 9 20 2 6
10 2 432 N 0 2 5 4 10 20 2 7
11 2 433 15 1 2 5 4 11 20 2 7
12 2 434 16 2 2 5 4 12 20 2 7
13 2 435 17 3 2 5 4 13 20 2 7
14 2 436 18 4 2 5 4 14 20 2 7
15 2 444 N 0 3 5 4 15 20 2 8
16 2 445 N 1 3 5 4 16 20 2 8
17 2 446 N 2 3 5 4 17 20 2 8
18 2 447 N 3 3 5 4 18 20 2 8
19 2 448 N 4 3 5 4 19 20 2 8
0 2 240 N 0 0 5 4 0 20 1 5
1 2 241 5 1 0 5 4 1 20 1 5
2 2 242 6 2 0 5 4 2 20 1 5
3 2 243 7 3 0 5 4 3 20 1 5
4 2 244 8 4 0 5 4 4 20 1 5
5 2 252 N 0 1 5 4 5 20 1 6
6 2 253 10 1 1 5 4 6 20 1 6
7 2 254 11 2 1 5 4 7 20 1 6
8 2 255 12 3 1 5 4 8 20 1 6
9 2 256 13 4 1 5 4 9 20 1 6
10 2 264 N 0 2 5 4 10 20 1 7
11 2 265 15 1 2 5 4 11 20 1 7
12 2 266 16 2 2 5 4 12 20 1 7
13 2 267 17 3 2 5 4 13 20 1 7
14 2 268 18 4 2 5 4 14 20 1 7
15 2 276 N 0 3 5 4 15 20 1 8
16 2 277 N 1 3 5 4 16 20 1 8
17 2 278 N 2 3 5 4 17 20 1 8
18 2 279 N 3 3 5 4 18 20 1 8
19 2 280 N 4 3 5 4 19 20 1 8
0 2 240 N 0 0 5 4 0 20 1 5
1 2 241 5 1 0 5 4 1 20 1 5
2 2 242 6 2 0 5 4 2 20 1 5
3 2 243 7 3 0 5 4 3 20 1 5
4 2 244 8 4 0 5 4 4 20 1 5
5 2 252 N 0 1 5 4 5 20 1 6
6 2 253 10 1 1 5 4 6 20 1 6
7 2 254 11 2 1 5 4 7 20 1 6
8 2 255 12 3 1 5 4 8 20 1 6
9 2 256 13 4 1 5 4 9 20 1 6
10 2 264 N 0 2 5 4 10 20 1 7
11 2 265 15 1 2 5 4 11 20 1 7
12 2 266 16 2 2 5 4 12 20 1 7
13 2 267 17 3 2 5 4 13 20 1 7
14 2 268 18 4 2 5 4 14 20 1 7
15 2 276 N 0 3 5 4 15 20 1 8
16 2 277 N 1 3 5 4 16 20 1 8
17 2 278 N 2 3 5 4 17 20 1 8
18 2 279 N 3 3 5 4 18 20 1 8
19 2 280 N 4 3 5 4 19 20 1 8
0 2 408 N 0 0 5 4 0 20 2 5
1 2 409 5 1 0 5 4 1 20 2 5
2 2 410 6 2 0 5 4 2 20 2 5
3 2 411 7 3 0 5 4 3 20 2 5
4 2 412 8 4 0 5 4 4 20 2 5
5 2 420 N 0 1 5 4 5 20 2 6
6 2 421 10 1 1 5 4 6 20 2 6
7 2 422 11 2 1 5 4 7 20 2 6
8 2 423 12 3 1 5 4 8 20 2 6
9 2 424 13 4 1 5 4 9 20 2 6
10 2 432 N 0 2 5 4 10 20 2 7
11 2 433 15 1 2 5 4 11 20 2 7
12 2 434 16 2 2 5 4 12 20 2 7
13 2 435 17 3 2 5 4 13 20 2 7
14 2 436 18 4 2 5 4 14 20 2 7
15 2 444 N 0 3 5 4 15 20 2 8
16 2 445 N 1 3 5 4 16 20 2 8
17 2 446 N 2 3 5 4 17 20 2 8
18 2 447 N 3 3 5 4 18 20 2 8
19 2 448 N 4 3 5 4 19 20 2 8
0 2 408 N 0 0 5 4 0 20 2 5
1 2 409 5 1 0 5 4 1 20 2 5
2 2 410 6 2 0 5 4 2 20 2 5
3 2 411 7 3 0 5 4 3 20 2 5
4 2 412 8 4 0 5 4 4 20 2 5
5 2 420 N 0 1 5 4 5 20 2 6
6 2 421 10 1 1 5 4 6 20 2 6
7 2 422 11 2 1 5 4 7 20 2 6
8 2 423 12 3 1 5 4 8 20 2 6
9 2 424 13 4 1 5 4 9 20 2 6
10 2 432 N 0 2 5 4 10 20 2 7
11 2 433 15 1 2 5 4 11 20 2 7
12 2 434 16 2 2 5 4 12 20 2 7
13 2 435 17 3 2 5 4 13 20 2 7
14 2 436 18 4 2 5 4 14 20 2 7
15 2 444 N 0 3 5 4 15 20 2 8
16 2 445 N 1 3 5 4 16 20 2 8
17 2 446 N 2 3 5 4 17 20 2 8
18 2 447 N 3 3 5 4 18 20 2 8
19 2 448 N 4 3 5 4 19 20 2 8
0 2 240 N 0 0 5 4 0 20 1 5
1 2 241 5 1 0 5 4 1 20 1 5
2 2 242 6 2 0 5 4 2 20 1 5
3 2 243 7 3 0 5 4 3 20 1 5
4 2 244 8 4 0 5 4 4 20 1 5
5 2 252 N 0 1 5 4 5 20 1 6
6 2 253 10 1 1 5 4 6 20 1 6
7 2 254 11 2 1 5 4 7 20 1 6
8 2 255 12 3 1 5 4 8 20 1 6
9 2 256 13 4 1 5 4 9 20 1 6
10 2 264 N 0 2 5 4 10 20 1 7
11 2 265 15 1 2 5 4 11 20 1 7
12 2 266 16 2 2 5 4 12 20 1 7
13 2 267 17 3 2 5 4 13 20 1 7
14 2 268 18 4 2 5 4 14 20 1 7
15 2 276 N 0 3 5 4 15 20 1 8
16 2 277 N 1 3 5 4 16 20 1 8
17 2 278 N 2 3 5 4 17 20 1 8
18 2 279 N 3 3 5 4 18 20 1 8
19 2 280 N 4 3 5 4 19 20 1 8
0 2 240 N 0 0 5 4 0 20 1 5
1 2 241 5 1 0 5 4 1 20 1 5
2 2 242 6 2 0 5 4 2 20 1 5
3 2 243 7 3 0 5 4 3 20 1 5
4 2 244 8 4 0 5 4 4 20 1 5
5 2 252 N 0 1 5 4 5 20 1 6
6 2 253 10 1 1 5 4 6 20 1 6
7 2 254 11 2 1 5 4 7 20 1 6
8 2 255 12 3 1 5 4 8 20 1 6
9 2 256 13 4 1 5 4 9 20 1 6
10 2 264 N 0 2 5 4 10 20 1 7
11 2 265 15 1 2 5 4 11 20 1 7
12 2 266 16 2 2 5 4 12 20 1 7
13 2 267 17 3 2 5 4 13 20 1 7
14 2 268 18 4 2 5 4 14 20 1 7
15 2 276 N 0 3 5 4 15 20 1 8
16 2 277 N 1 3 5 4 16 20 1 8
17 2 278 N 2 3 5 4 17 20 1 8
18 2 279 N 3 3 5 4 18 20 1 8
19 2 280 N 4 3 5 4 19 20 1 8
0 2 408 N 0 0 5 4 0 20 2 5
1 2 409 5 1 0 5 4 1 20 2 5
2 2 410 6 2 0 5 4 2 20 2 5
3 2 411 7 3 0 5 4 3 20 2 5
4 2 412 8 4 0 5 4 4 20 2 5
5 2 420 N 0 1 5 4 5 20 2 6
6 2 421 10 1 1 5 4 6 20 2 6
7 2 422 11 2 1 5 4 7 20 2 6
8 2 423 12 3 1 5 4 8 20 2 6
9 2 424 13 4 1 5 4 9 20 2 6
10 2 432 N 0 2 5 4 10 20 2 7
11 2 433 15 1 2 5 4 11 20 2 7
12 2 434 16 2 2 5 4 12 20 2 7
13 2 435 17 3 2 5 4 13 20 2 7
14 2 436 18 4 2 5 4 14 20 2 7
15 2 444 N 0 3 5 4 15 20 2 8
16 2 445 N 1 3 5 4 16 20 2 8
17 2 446 N 2 3 5 4 17 20 2 8
18 2 447 N 3 3 5 4 18 20 2 8
19 2 448 N 4 3 5 4 19 20 2 8
0 2 408 N 0 0 5 4 0 20 2 5
1 2 409 5 1 0 5 4 1 20 2 5
2 2 410 6 2 0 5 4 2 20 2 5
3 2 411 7 3 0 5 4 3 20 2 5
4 2 412 8 4 0 5 4 4 20 2 5
5 2 420 N 0 1 5 4 5 20 2 6
6 2 421 10 1 1 5 4 6 20 2 6
7 2 422 11 2 1 5 4 7 20 2 6
8 2 423 12 3 1 5 4 8 20 2 6
9 2 424 13 4 1 5 4 9 20 2 6
10 2 432 N 0 2 5 4 10 20 2 7
11 2 433 15 1 2 5 4 11 20 2 7
12 2 434 16 2 2 5 4 12 20 2 7
13 2 435 17 3 2 5 4 13 20 2 7
14 2 436 18 4 2 5 4 14 20 2 7
15 2 444 N 0 3 5 4 15 20 2 8
16 2 445 N 1 3 5 4 16 20 2 8
17 2 446 N 2 3 5 4 17 20 2 8
18 2 447 N 3 3 5 4 18 20 2 8
19 2 448 N 4 3 5 4 19 20 2 8
0 3 245 N 0 0 5 4 0 20 1 5
1 3 246 5 1 0 5 4 1 20 1 5
2 3 247 6 2 0 5 4 2 20 1 5
3 3 248 7 3 0 5 4 3 20 1 5
4 3 249 8 4 0 5 4 4 20 1 5
5 3 257 N 0 1 5 4 5 20 1 6
6 3 258 10 1 1 5 4 6 20 1 6
7 3 259 11 2 1 5 4 7 20 1 6
8 3 260 12 3 1 5 4 8 20 1 6
9 3 261 13 4 1 5 4 9 20 1 6
10 3 269 N 0 2 5 4 10 20 1 7
11 3 270 15 1 2 5 4 11 20 1 7
12 3 271 16 2 2 5 4 12 20 1 7
13 3 272 17 3 2 5 4 13 20 1 7
14 3 273 18 4 2 5 4 14 20 1 7
15 3 281 N 0 3 5 4 15 20 1 8
16 3 282 N 1 3 5 4 16 20 1 8
17 3 283 N 2 3 5 4 17 20 1 8
18 3 284 N 3 3 5 4 18 20 1 8
19 3 285 N 4 3 5 4 19 20 1 8
0 3 245 N 0 0 5 4 0 20 1 5
1 3 246 5 1 0 5 4 1 20 1 5
2 3 247 6 2 0 5 4 2 20 1 5
3 3 248 7 3 0 5 4 3 20 1 5
4 3 249 8 4 0 5 4 4 20 1 5
5 3 257 N 0 1 5 4 5 20 1 6
6 3 258 10 1 1 5 4 6 20 1 6
7 3 259 11 2 1 5 4 7 20 1 6
8 3 260 12 3 1 5 4 8 20 1 6
9 3 261 13 4 1 5 4 9 20 1 6
10 3 269 N 0 2 5 4 10 20 1 7
11 3 270 15 1 2 5 4 11 20 1 7
12 3 271 16 2 2 5 4 12 20 1 7
13 3 272 17 3 2 5 4 13 20 1 7
14 3 273 18 4 2 5 4 14 20 1 7
15 3 281 N 0 3 5 4 15 20 1 8
16 3 282 N 1 3 5 4 16 20 1 8
17 3 283 N 2 3 5 4 17 20 1 8
18 3 284 N 3 3 5 4 18 20 1 8
19 3 285 N 4 3 5 4 19 20 1 8
0 3 413 N 0 0 5 4 0 20 2 5
1 3 414 5 1 0 5 4 1 20 2 5
2 3 415 6 2 0 5 4 2 20 2 5
3 3 416 7 3 0 5 4 3 20 2 5
4 3 417 8 4 0 5 4 4 20 2 5
5 3 425 N 0 1 5 4 5 20 2 6
6 3 426 10 1 1 5 4 6 20 2 6
7 3 427 11 2 1 5 4 7 20 2 6
8 3 428 12 3 1 5 4 8 20 2 6
9 3 429 13 4 1 5 4 9 20 2 6
10 3 437 N 0 2 5 4 10 20 2 7
11 3 438 15 1 2 5 4 11 20 2 7
12 3 439 16 2 2 5 4 12 20 2 7
13 3 440 17 3 2 5 4 13 20 2 7
14 3 441 18 4 2 5 4 14 20 2 7
15 3 449 N 0 3 5 4 15 20 2 8
16 3 450 N 1 3 5 4 16 20 2 8
17 3 451 N 2 3 5 4 17 20 2 8
18 3 452 N 3 3 5 4 18 20 2 8
19 3 453 N 4 3 5 4 19 20 2 8
0 3 413 N 0 0 5 4 0 20 2 5
1 3 414 5 1 0 5 4 1 20 2 5
2 3 415 6 2 0 5 4 2 20 2 5
3 3 416 7 3 0 5 4 3 20 2 5
4 3 417 8 4 0 5 4 4 20 2 5
5 3 425 N 0 1 5 4 5 20 2 6
6 3 426 10 1 1 5 4 6 20 2 6
7 3 427 11 2 1 5 4 7 20 2 6
8 3 428 12 3 1 5 4 8 20 2 6
9 3 429 13 4 1 5 4 9 20 2 6
10 3 437 N 0 2 5 4 10 20 2 7
11 3 438 15 1 2 5 4 11 20 2 7
12 3 439 16 2 2 5 4 12 20 2 7
13 3 440 17 3 2 5 4 13 20 2 7
14 3 441 18 4 2 5 4 14 20 2 7
15 3 449 N 0 3 5 4 15 20 2 8
16 3 450 N 1 3 5 4 16 20 2 8
17 3 451 N 2 3 5 4 17 20 2 8
18 3 452 N 3 3 5 4 18 20 2 8
19 3 453 N 4 3 5 4 19 20 2 8
0 3 245 N 0 0 5 4 0 20 1 5
1 3 246 5 1 0 5 4 1 20 1 5
2 3 247 6 2 0 5 4 2 20 1 5
3 3 248 7 3 0 5 4 3 20 1 5
4 3 249 8 4 0 5 4 4 20 1 5
5 3 257 N 0 1 5 4 5 20 1 6
6 3 258 10 1 1 5 4 6 20 1 6
7 3 259 11 2 1 5 4 7 20 1 6
8 3 260 12 3 1 5 4 8 20 1 6
9 3 261 13 4 1 5 4 9 20 1 6
10 3 269 N 0 2 5 4 10 20 1 7
11 3 270 15 1 2 5 4 11 20 1 7
12 3 271 16 2 2 5 4 12 20 1 7
13 3 272 17 3 2 5 4 13 20 1 7
14 3 273 18 4 2 5 4 14 20 1 7
15 3 281 N 0 3 5 4 15 20 1 8
16 3 282 N 1 3 5 4 16 20 1 8
17 3 283 N 2 3 5 4 17 20 1 8
18 3 284 N 3 3 5 4 18 20 1 8
19 3 285 N 4 3 5 4 19 20 1 8
0 3 245 N 0 0 5 4 0 20 1 5
1 3 246 5 1 0 5 4 1 20 1 5
2 3 247 6 2 0 5 4 2 20 1 5
3 3 248 7 3 0 5 4 3 20 1 5
4 3 249 8 4 0 5 4 4 20 1 5
5 3 257 N 0 1 5 4 5 20 1 6
6 3 258 10 1 1 5 4 6 20 1 6
7 3 259 11 2 1 5 4 7 20 1 6
8 3 260 12 3 1 5 4 8 20 1 6
9 3 261 13 4 1 5 4 9 20 1 6
10 3 269 N 0 2 5 4 10 20 1 7
11 3 270 15 1 2 5 4 11 20 1 7
12 3 271 16 2 2 5 4 12 20 1 7
13 3 272 17 3 2 5 4 13 20 1 7
14 3 273 18 4 2 5 4 14 20 1 7
15 3 281 N 0 3 5 4 15 20 1 8
16 3 282 N 1 3 5 4 16 20 1 8
17 3 283 N 2 3 5 4 17 20 1 8
18 3 284 N 3 3 5 4 18 20 1 8
19 3 285 N 4 3 5 4 19 20 1 8
0 3 413 N 0 0 5 4 0 20 2 5
1 3 414 5 1 0 5 4 1 20 2 5
2 3 415 6 2 0 5 4 2 20 2 5
3 3 416 7 3 0 5 4 3 20 2 5
4 3 417 8 4 0 5 4 4 20 2 5
5 3 425 N 0 1 5 4 5 20 2 6
6 3 426 10 1 1 5 4 6 20 2 6
7 3 427 11 2 1 5 4 7 20 2 6
8 3 428 12 3 1 5 4 8 20 2 6
9 3 429 13 4 1 5 4 9 20 2 6
10 3 437 N 0 2 5 4 10 20 2 7
11 3 438 15 1 2 5 4 11 20 2 7
12 3 439 16 2 2 5 4 12 20 2 7
13 3 440 17 3 2 5 4 13 20 2 7
14 3 441 18 4 2 5 4 14 20 2 7
15 3 449 N 0 3 5 4 15 20 2 8
16 3 450 N 1 3 5 4 16 20 2 8
17 3 451 N 2 3 5 4 17 20 2 8
18 3 452 N 3 3 5 4 18 20 2 8
19 3 453 N 4 3 5 4 19 20 2 8
0 3 413 N 0 0 5 4 0 20 2 5
1 3 414 5 1 0 5 4 1 20 2 5
2 3 415 6 2 0 5 4 2 20 2 5
3 3 416 7 3 0 5 4 3 20 2 5
4 3 417 8 4 0 5 4 4 20 2 5
5 3 425 N 0 1 5 4 5 20 2 6
6 3 426 10 1 1 5 4 6 20 2 6
7 3 427 11 2 1 5 4 7 20 2 6
8 3 428 12 3 1 5 4 8 20 2 6
9 3 429 13 4 1 5 4 9 20 2 6
10 3 437 N 0 2 5 4 10 20 2 7
11 3 438 15 1 2 5 4 11 20 2 7
12 3 439 16 2 2 5 4 12 20 2 7
13 3 440 17 3 2 5 4 13 20 2 7
14 3 441 18 4 2 5 4 14 20 2 7
15 3 449 N 0 3 5 4 15 20 2 8
16 3 450 N 1 3 5 4 16 20 2 8
17 3 451 N 2 3 5 4 17 20 2 8
18 3 452 N 3 3 5 4 18 20 2 8
19 3 453 N 4 3 5 4 19 20 2 8
0 3 245 N 0 0 5 4 0 20 1 5
1 3 246 5 1 0 5 4 1 20 1 5
2 3 247 6 2 0 5 4 2 20 1 5
3 3 248 7 3 0 5 4 3 20 1 5
4 3 249 8 4 0 5 4 4 20 1 5
5 3 257 N 0 1 5 4 5 20 1 6
6 3 258 10 1 1 5 4 6 20 1 6
7 3 259 11 2 1 5 4 7 20 1 6
8 3 260 12 3 1 5 4 8 20 1 6
9 3 261 13 4 1 5 4 9 20 1 6
10 3 269 N 0 2 5 4 10 20 1 7
11 3 270 15 1 2 5 4 11 20 1 7
12 3 271 16 2 2 5 4 12 20 1 7
13 3 272 17 3 2 5 4 13 20 1 7
14 3 273 18 4 2 5 4 14 20 1 7
15 3 281 N 0 3 5 4 15 20 1 8
16 3 282 N 1 3 5 4 16 20 1 8
17 3 283 N 2 3 5 4 17 20 1 8
18 3 284 N 3 3 5 4 18 20 1 8
19 3 285 N 4 3 5 4 19 20 1 8
0 3 245 N 0 0 5 4 0 20 1 5
1 3 246 5 1 0 5 4 1 20 1 5
2 3 247 6 2 0 5 4 2 20 1 5
3 3 248 7 3 0 5 4 3 20 1 5
4 3 249 8 4 0 5 4 4 20 1 5
5 3 257 N 0 1 5 4 5 20 1 6
6 3 258 10 1 1 5 4 6 20 1 6
7 3 259 11 2 1 5 4 7 20 1 6
8 3 260 12 3 1 5 4 8 20 1 6
9 3 261 13 4 1 5 4 9 20 1 6
10 3 269 N 0 2 5 4 10 20 1 7
11 3 270 15 1 2 5 4 11 20 1 7
12 3 271 16 2 2 5 4 12 20 1 7
13 3 272 17 3 2 5 4 13 20 1 7
14 3 273 18 4 2 5 4 14 20 1 7
15 3 281 N 0 3 5 4 15 20 1 8
16 3 282 N 1 3 5 4 16 20 1 8
17 3 283 N 2 3 5 4 17 20 1 8
18 3 284 N 3 3 5 4 18 20 1 8
19 3 285 N 4 3 5 4 19 20 1 8
0 3 413 N 0 0 5 4 0 20 2 5
1 3 414 5 1 0 5 4 1 20 2 5
2 3 415 6 2 0 5 4 2 20 2 5
3 3 416 7 3 0 5 4 3 20 2 5
4 3 417 8 4 0 5 4 4 20 2 5
5 3 425 N 0 1 5 4 5 20 2 6
6 3 426 10 1 1 5 4 6 20 2 6
7 3 427 11 2 1 5 4 7 20 2 6
8 3 428 12 3 1 5 4 8 20 2 6
9 3 429 13 4 1 5 4 9 20 2 6
10 3 437 N 0 2 5 4 10 20 2 7
11 3 438 15 1 2 5 4 11 20 2 7
12 3 439 16 2 2 5 4 12 20 2 7
13 3 440 17 3 2 5 4 13 20 2 7
14 3 441 18 4 2 5 4 14 20 2 7
15 3 449 N 0 3 5 4 15 20 2 8
16 3 450 N 1 3 5 4 16 20 2 8
17 3 451 N 2 3 5 4 17 20 2 8
18 3 452 N 3 3 5 4 18 20 2 8
19 3 453 N 4 3 5 4 19 20 2 8
0 3 413 N 0 0 5 4 0 20 2 5
1 3 414 5 1 0 5 4 1 20 2 5
2 3 415 6 2 0 5 4 2 20 2 5
3 3 416 7 3 0 5 4 3 20 2 5
4 3 417 8 4 0 5 4 4 20 2 5
5 3 425 N 0 1 5 4 5 20 2 6
6 3 426 10 1 1 5 4 6 20 2 6
7 3 427 11 2 1 5 4 7 20 2 6
8 3 428 12 3 1 5 4 8 20 2 6
9 3 429 13 4 1 5 4 9 20 2 6
10 3 437 N 0 2 5 4 10 20 2 7
11 3 438 15 1 2 5 4 11 20 2 7
12 3 439 16 2 2 5 4 12 20 2 7
13 3 440 17 3 2 5 4 13 20 2 7
14 3 441 18 4 2 5 4 14 20 2 7
15 3 449 N 0 3 5 4 15 20 2 8
16 3 450 N 1 3 5 4 16 20 2 8
17 3 451 N 2 3 5 4 17 20 2 8
18 3 452 N 3 3 5 4 18 20 2 8
19 3 453 N 4 3 5 4 19 20 2 8
0 4 288 N 0 0 5 4 0 20 1 9
1 4 289 5 1 0 5 4 1 20 1 9
2 4 290 6 2 0 5 4 2 20 1 9
3 4 291 7 3 0 5 4 3 20 1 9
4 4 292 8 4 0 5 4 4 20 1 9
5 4 300 N 0 1 5 4 5 20 1 10
6 4 301 10 1 1 5 4 6 20 1 10
7 4 302 11 2 1 5 4 7 20 1 10
8 4 303 12 3 1 5 4 8 20 1 10
9 4 304 13 4 1 5 4 9 20 1 10
10 4 312 N 0 2 5 4 10 20 1 11
11 4 313 15 1 2 5 4 11 20 1 11
12 4 314 16 2 2 5 4 12 20 1 11
13 4 315 17 3 2 5 4 13 20 1 11
14 4 316 18 4 2 5 4 14 20 1 11
15 4 324 N 0 3 5 4 15 20 1 12
16 4 325 N 1 3 5 4 16 20 1 12
17 4 326 N 2 3 5 4 17 20 1 12
18 4 327 N 3 3 5 4 18 20 1 12
19 4 328 N 4 3 5 4 19 20 1 12
0 4 288 N 0 0 5 4 0 20 1 9
1 4 289 5 1 0 5 4 1 20 1 9
2 4 290 6 2 0 5 4 2 20 1 9
3 4 291 7 3 0 5 4 3 20 1 9
4 4 292 8 4 0 5 4 4 20 1 9
5 4 300 N 0 1 5 4 5 20 1 10
6 4 301 10 1 1 5 4 6 20 1 10
7 4 302 11 2 1 5 4 7 20 1 10
8 4 303 12 3 1 5 4 8 20 1 10
9 4 304 13 4 1 5 4 9 20 1 10
10 4 312 N 0 2 5 4 10 20 1 11
11 4 313 15 1 2 5 4 11 20 1 11
12 4 314 16 2 2 5 4 12 20 1 11
13 4 315 17 3 2 5 4 13 20 1 11
14 4 316 18 4 2 5 4 14 20 1 11
15 4 324 N 0 3 5 4 15 20 1 12
16 4 325 N 1 3 5 4 16 20 1 12
17 4 326 N 2 3 5 4 17 20 1 12
18 4 327 N 3 3 5 4 18 20 1 12
19 4 328 N 4 3 5 4 19 20 1 12
0 4 456 N 0 0 5 4 0 20 2 9
1 4 457 5 1 0 5 4 1 20 2 9
2 4 458 6 2 0 5 4 2 20 2 9
3 4 459 7 3 0 5 4 3 20 2 9
4 4 460 8 4 0 5 4 4 20 2 9
5 4 468 N 0 1 5 4 5 20 2 10
6 4 469 10 1 1 5 4 6 20 2 10
7 4 470 11 2 1 5 4 7 20 2 10
8 4 471 12 3 1 5 4 8 20 2 10
9 4 472 13 4 1 5 4 9 20 2 10
10 4 480 N 0 2 5 4 10 20 2 11
11 4 481 15 1 2 5 4 11 20 2 11
12 4 482 16 2 2 5 4 12 20 2 11
13 4 483 17 3 2 5 4 13 20 2 11
14 4 484 18 4 2 5 4 14 20 2 11
15 4 492 N 0 3 5 4 15 20 2 12
16 4 493 N 1 3 5 4 16 20 2 12
17 4 494 N 2 3 5 4 17 20 2 12
18 4 495 N 3 3 5 4 18 20 2 12
19 4 496 N 4 3 5 4 19 20 2 12
0 4 456 N 0 0 5 4 0 20 2 9
1 4 457 5 1 0 5 4 1 20 2 9
2 4 458 6 2 0 5 4 2 20 2 9
3 4 459 7 3 0 5 4 3 20 2 9
4 4 460 8 4 0 5 4 4 20 2 9
5 4 468 N 0 1 5 4 5 20 2 10
6 4 469 10 1 1 5 4 6 20 2 10
7 4 470 11 2 1 5 4 7 20 2 10
8 4 471 12 3 1 5 4 8 20 2 10
9 4 472 13 4 1 5 4 9 20 2 10
10 4 480 N 0 2 5 4 10 20 2 11
11 4 481 15 1 2 5 4 11 20 2 11
12 4 482 16 2 2 5 4 12 20 2 11
13 4 483 17 3 2 5 4 13 20 2 11
14 4 484 18 4 2 5 4 14 20 2 11
15 4 492 N 0 3 5 4 15 20 2 12
16 4 493 N 1 3 5 4 16 20 2 12
17 4 494 N 2 3 5 4 17 20 2 12
18 4 495 N 3 3 5 4 18 20 2 12
19 4 496 N 4 3 5 4 19 20 2 12
0 4 288 N 0 0 5 4 0 20 1 9
1 4 289 5 1 0 5 4 1 20 1 9
2 4 290 6 2 0 5 4 2 20 1 9
3 4 291 7 3 0 5 4 3 20 1 9
4 4 292 8 4 0 5 4 4 20 1 9
5 4 300 N 0 1 5 4 5 20 1 10
6 4 301 10 1 1 5 4 6 20 1 10
7 4 302 11 2 1 5 4 7 20 1 10
8 4 303 12 3 1 5 4 8 20 1 10
9 4 304 13 4 1 5 4 9 20 1 10
10 4 312 N 0 2 5 4 10 20 1 11
11 4 313 15 1 2 5 4 11 20 1 11
12 4 314 16 2 2 5 4 12 20 1 11
13 4 315 17 3 2 5 4 13 20 1 11
14 4 316 18 4 2 5 4 14 20 1 11
15 4 324 N 0 3 5 4 15 20 1 12
16 4 325 N 1 3 5 4 16 20 1 12
17 4 326 N 2 3 5 4 17 20 1 12
18 4 327 N 3 3 5 4 18 20 1 12
19 4 328 N 4 3 5 4 19 20 1 12
0 4 288 N 0 0 5 4 0 20 1 9
1 4 289 5 1 0 5 4 1 20 1 9
2 4 290 6 2 0 5 4 2 20 1 9
3 4 291 7 3 0 5 4 3 20 1 9
4 4 292 8 4 0 5 4 4 20 1 9
5 4 300 N 0 1 5 4 5 20 1 10
6 4 301 10 1 1 5 4 6 20 1 10
7 4 302 11 2 1 5 4 7 20 1 10
8 4 303 12 3 1 5 4 8 20 1 10
9 4 304 13 4 1 5 4 9 20 1 10
10 4 312 N 0 2 5 4 10 20 1 11
11 4 313 15 1 2 5 4 11 20 1 11
12 4 314 16 2 2 5 4 12 20 1 11
13 4 315 17 3 2 5 4 13 20 1 11
14 4 316 18 4 2 5 4 14 20 1 11
15 4 324 N 0 3 5 4 15 20 1 12
16 4 325 N 1 3 5 4 16 20 1 12
17 4 326 N 2 3 5 4 17 20 1 12
18 4 327 N 3 3 5 4 18 20 1 12
19 4 328 N 4 3 5 4 19 20 1 12
0 4 456 N 0 0 5 4 0 20 2 9
1 4 457 5 1 0 5 4 1 20 2 9
2 4 458 6 2 0 5 4 2 20 2 9
3 4 459 7 3 0 5 4 3 20 2 9
4 4 460 8 4 0 5 4 4 20 2 9
5 4 468 N 0 1 5 4 5 20 2 10
6 4 469 10 1 1 5 4 6 20 2 10
7 4 470 11 2 1 5 4 7 20 2 10
8 4 471 12 3 1 5 4 8 20 2 10
9 4 472 13 4 1 5 4 9 20 2 10
10 4 480 N 0 2 5 4 10 20 2 11
11 4 481 15 1 2 5 4 11 20 2 11
12 4 482 16 2 2 5 4 12 20 2 11
13 4 483 17 3 2 5 4 13 20 2 11
14 4 484 18 4 2 5 4 14 20 2 11
15 4 492 N 0 3 5 4 15 20 2 12
16 4 493 N 1 3 5 4 16 20 2 12
17 4 494 N 2 3 5 4 17 20 2 12
18 4 495 N 3 3 5 4 18 20 2 12
19 4 496 N 4 3 5 4 19 20 2 12
0 4 456 N 0 0 5 4 0 20 2 9
1 4 457 5 1 0 5 4 1 20 2 9
2 4 458 6 2 0 5 4 2 20 2 9
3 4 459 7 3 0 5 4 3 20 2 9
4 4 460 8 4 0 5 4 4 20 2 9
5 4 468 N 0 1 5 4 5 20 2 10
6 4 469 10 1 1 5 4 6 20 2 10
7 4 470 11 2 1 5 4 7 20 2 10
8 4 471 12 3 1 5 4 8 20 2 10
9 4 472 13 4 1 5 4 9 20 2 10
10 4 480 N 0 2 5 4 10 20 2 11
11 4 481 15 1 2 5 4 11 20 2 11
12 4 482 16 2 2 5 4 12 20 2 11
13 4 483 17 3 2 5 4 13 20 2 11
14 4 484 18 4 2 5 4 14 20 2 11
15 4 492 N 0 3 5 4 15 20 2 12
16 4 493 N 1 3 5 4 16 20 2 12
17 4 494 N 2 3 5 4 17 20 2 12
18 4 495 N 3 3 5 4 18 20 2 12
19 4 496 N 4 3 5 4 19 20 2 12
0 4 288 N 0 0 5 4 0 20 1 9
1 4 289 5 1 0 5 4 1 20 1 9
2 4 290 6 2 0 5 4 2 20 1 9
3 4 291 7 3 0 5 4 3 20 1 9
4 4 292 8 4 0 5 4 4 20 1 9
5 4 300 N 0 1 5 4 5 20 1 10
6 4 301 10 1 1 5 4 6 20 1 10
7 4 302 11 2 1 5 4 7 20 1 10
8 4 303 12 3 1 5 4 8 20 1 10
9 4 304 13 4 1 5 4 9 20 1 10
10 4 312 N 0 2 5 4 10 20 1 11
11 4 313 15 1 2 5 4 11 20 1 11
12 4 314 16 2 2 5 4 12 20 1 11
13 4 315 17 3 2 5 4 13 20 1 11
14 4 316 18 4 2 5 4 14 20 1 11
15 4 324 N 0 3 5 4 15 20 1 12
16 4 325 N 1 3 5 4 16 20 1 12
17 4 326 N 2 3 5 4 17 20 1 12
18 4 327 N 3 3 5 4 18 20 1 12
19 4 328 N 4 3 5 4 19 20 1 12
0 4 288 N 0 0 5 4 0 20 1 9
1 4 289 5 1 0 5 4 1 20 1 9
2 4 290 6 2 0 5 4 2 20 1 9
3 4 291 7 3 0 5 4 3 20 1 9
4 4 292 8 4 0 5 4 4 20 1 9
5 4 300 N 0 1 5 4 5 20 1 10
6 4 301 10 1 1 5 4 6 20 1 10
7 4 302 11 2 1 5 4 7 20 1 10
8 4 303 12 3 1 5 4 8 20 1 10
9 4 304 13 4 1 5 4 9 20 1 10
10 4 312 N 0 2 5 4 10 20 1 11
11 4 313 15 1 2 5 4 11 20 1 11
12 4 314 16 2 2 5 4 12 20 1 11
13 4 315 17 3 2 5 4 13 20 1 11
14 4 316 18 4 2 5 4 14 20 1 11
15 4 324 N 0 3 5 4 15 20 1 12
16 4 325 N 1 3 5 4 16 20 1 12
17 4 326 N 2 3 5 4 17 20 1 12
18 4 327 N 3 3 5 4 18 20 1 12
19 4 328 N 4 3 5 4 19 20 1 12
0 4 456 N 0 0 5 4 0 20 2 9
1 4 457 5 1 0 5 4 1 20 2 9
2 4 458 6 2 0 5 4 2 20 2 9
3 4 459 7 3 0 5 4 3 20 2 9
4 4 460 8 4 0 5 4 4 20 2 9
5 4 468 N 0 1 5 4 5 20 2 10
6 4 469 10 1 1 5 4 6 20 2 10
7 4 470 11 2 1 5 4 7 20 2 10
8 4 471 12 3 1 5 4 8 20 2 10
9 4 472 13 4 1 5 4 9 20 2 10
10 4 480 N 0 2 5 4 10 20 2 11
11 4 481 15 1 2 5 4 11 20 2 11
12 4 482 16 2 2 5 4 12 20 2 11
13 4 483 17 3 2 5 4 13 20 2 11
14 4 484 18 4 2 5 4 14 20 2 11
15 4 492 N 0 3 5 4 15 20 2 12
16 4 493 N 1 3 5 4 16 20 2 12
17 4 494 N 2 3 5 4 17 20 2 12
18 4 495 N 3 3 5 4 18 20 2 12
19 4 496 N 4 3 5 4 19 20 2 12
0 4 456 N 0 0 5 4 0 20 2 9
1 4 457 5 1 0 5 4 1 20 2 9
2 4 458 6 2 0 5 4 2 20 2 9
3 4 459 7 3 0 5 4 3 20 2 9
4 4 460 8 4 0 5 4 4 20 2 9
5 4 468 N 0 1 5 4 5 20 2 10
6 4 469 10 1 1 5 4 6 20 2 10
7 4 470 11 2 1 5 4 7 20 2 10
8 4 471 12 3 1 5 4 8 20 2 10
9 4 472 13 4 1 5 4 9 20 2 10
10 4 480 N 0 2 5 4 10 20 2 11
11 4 481 15 1 2 5 4 11 20 2 11
12 4 482 16 2 2 5 4 12 20 2 11
13 4 483 17 3 2 5 4 13 20 2 11
14 4 484 18 4 2 5 4 14 20 2 11
15 4 492 N 0 3 5 4 15 20 2 12
16 4 493 N 1 3 5 4 16 20 2 12
17 4 494 N 2 3 5 4 17 20 2 12
18 4 495 N 3 3 5 4 18 20 2 12
19 4 496 N 4 3 5 4 19 20 2 12
0 5 293 N 0 0 5 4 0 20 1 9
1 5 294 5 1 0 5 4 1 20 1 9
2 5 295 6 2 0 5 4 2 20 1 9
3 5 296 7 3 0 5 4 3 20 1 9
4 5 297 8 4 0 5 4 4 20 1 9
5 5 305 N 0 1 5 4 5 20 1 10
6 5 306 10 1 1 5 4 6 20 1 10
7 5 307 11 2 1 5 4 7 20 1 10
8 5 308 12 3 1 5 4 8 20 1 10
9 5 309 13 4 1 5 4 9 20 1 10
10 5 317 N 0 2 5 4 10 20 1 11
11 5 318 15 1 2 5 4 11 20 1 11
12 5 319 16 2 2 5 4 12 20 1 11
13 5 320 17 3 2 5 4 13 20 1 11
14 5 321 18 4 2 5 4 14 20 1 11
15 5 329 N 0 3 5 4 15 20 1 12
16 5 330 N 1 3 5 4 16 20 1 12
17 5 331 N 2 3 5 4 17 20 1 12
18 5 332 N 3 3 5 4 18 20 1 12
19 5 333 N 4 3 5 4 19 20 1 12
0 5 293 N 0 0 5 4 0 20 1 9
1 5 294 5 1 0 5 4 1 20 1 9
2 5 295 6 2 0 5 4 2 20 1 9
3 5 296 7 3 0 5 4 3 20 1 9
4 5 297 8 4 0 5 4 4 20 1 9
5 5 305 N 0 1 5 4 5 20 1 10
6 5 306 10 1 1 5 4 6 20 1 10
7 5 307 11 2 1 5 4 7 20 1 10
8 5 308 12 3 1 5 4 8 20 1 10
9 5 309 13 4 1 5 4 9 20 1 10
10 5 317 N 0 2 5 4 10 20 1 11
11 5 318 15 1 2 5 4 11 20 1 11
12 5 319 16 2 2 5 4 12 20 1 11
13 5 320 17 3 2 5 4 13 20 1 11
14 5 321 18 4 2 5 4 14 20 1 11
15 5 329 N 0 3 5 4 15 20 1 12
16 5 330 N 1 3 5 4 16 20 1 12
17 5 331 N 2 3 5 4 17 20 1 12
18 5 332 N 3 3 5 4 18 20 1 12
19 5 333 N 4 3 5 4 19 20 1 12
0 5 461 N 0 0 5 4 0 20 2 9
1 5 462 5 1 0 5 4 1 20 2 9
2 5 463 6 2 0 5 4 2 20 2 9
3 5 464 7 3 0 5 4 3 20 2 9
4 5 465 8 4 0 5 4 4 20 2 9
5 5 473 N 0 1 5 4 5 20 2 10
6 5 474 10 1 1 5 4 6 20 2 10
7 5 475 11 2 1 5 4 7 20 2 10
8 5 476 12 3 1 5 4 8 20 2 10
9 5 477 13 4 1 5 4 9 20 2 10
10 5 485 N 0 2 5 4 10 20 2 11
11 5 486 15 1 2 5 4 11 20 2 11
12 5 487 16 2 2 5 4 12 20 2 11
13 5 488 17 3 2 5 4 13 20 2 11
14 5 489 18 4 2 5 4 14 20 2 11
15 5 497 N 0 3 5 4 15 20 2 12
16 5 498 N 1 3 5 4 16 20 2 12
17 5 499 N 2 3 5 4 17 20 2 12
18 5 500 N 3 3 5 4 18 20 2 12
19 5 501 N 4 3 5 4 19 20 2 12
0 5 461 N 0 0 5 4 0 20 2 9
1 5 462 5 1 0 5 4 1 20 2 9
2 5 463 6 2 0 5 4 2 20 2 9
3 5 464 7 3 0 5 4 3 20 2 9
4 5 465 8 4 0 5 4 4 20 2 9
5 5 473 N 0 1 5 4 5 20 2 10
6 5 474 10 1 1 5 4 6 20 2 10
7 5 475 11 2 1 5 4 7 20 2 10
8 5 476 12 3 1 5 4 8 20 2 10
9 5 477 13 4 1 5 4 9 20 2 10
10 5 485 N 0 2 5 4 10 20 2 11
11 5 486 15 1 2 5 4 11 20 2 11
12 5 487 16 2 2 5 4 12 20 2 11
13 5 488 17 3 2 5 4 13 20 2 11
14 5 489 18 4 2 5 4 14 20 2 11
15 5 497 N 0 3 5 4 15 20 2 12
16 5 498 N 1 3 5 4 16 20 2 12
17 5 499 N 2 3 5 4 17 20 2 12
18 5 500 N 3 3 5 4 18 20 2 12
19 5 501 N 4 3 5 4 19 20 2 12
0 5 293 N 0 0 5 4 0 20 1 9
1 5 294 5 1 0 5 4 1 20 1 9
2 5 295 6 2 0 5 4 2 20 1 9
3 5 296 7 3 0 5 4 3 20 1 9
4 5 297 8 4 0 5 4 4 20 1 9
5 5 305 N 0 1 5 4 5 20 1 10
6 5 306 10 1 1 5 4 6 20 1 10
7 5 307 11 2 1 5 4 7 20 1 10
8 5 308 12 3 1 5 4 8 20 1 10
9 5 309 13 4 1 5 4 9 20 1 10
10 5 317 N 0 2 5 4 10 20 1 11
11 5 318 15 1 2 5 4 11 20 1 11
12 5 319 16 2 2 5 4 12 20 1 11
13 5 320 17 3 2 5 4 13 20 1 11
14 5 321 18 4 2 5 4 14 20 1 11
15 5 329 N 0 3 5 4 15 20 1 12
16 5 330 N 1 3 5 4 16 20 1 12
17 5 331 N 2 3 5 4 17 20 1 12
18 5 332 N 3 3 5 4 18 20 1 12
19 5 333 N 4 3 5 4 19 20 1 12
0 5 293 N 0 0 5 4 0 20 1 9
1 5 294 5 1 0 5 4 1 20 1 9
2 5 295 6 2 0 5 4 2 20 1 9
3 5 296 7 3 0 5 4 3 20 1 9
4 5 297 8 4 0 5 4 4 20 1 9
5 5 305 N 0 1 5 4 5 20 1 10
6 5 306 10 1 1 5 4 6 20 1 10
7 5 307 11 2 1 5 4 7 20 1 10
8 5 308 12 3 1 5 4 8 20 1 10
9 5 309 13 4 1 5 4 9 20 1 10
10 5 317 N 0 2 5 4 10 20 1 11
11 5 318 15 1 2 5 4 11 20 1 11
12 5 319 16 2 2 5 4 12 20 1 11
13 5 320 17 3 2 5 4 13 20 1 11
14 5 321 18 4 2 5 4 14 20 1 11
15 5 329 N 0 3 5 4 15 20 1 12
16 5 330 N 1 3 5 4 16 20 1 12
17 5 331 N 2 3 5 4 17 20 1 12
18 5 332 N 3 3 5 4 18 20 1 12
19 5 333 N 4 3 5 4 19 20 1 12
0 5 461 N 0 0 5 4 0 20 2 9
1 5 462 5 1 0 5 4 1 20 2 9
2 5 463 6 2 0 5 4 2 20 2 9
3 5 464 7 3 0 5 4 3 20 2 9
4 5 465 8 4 0 5 4 4 20 2 9
5 5 473 N 0 1 5 4 5 20 2 10
6 5 474 10 1 1 5 4 6 20 2 10
7 5 475 11 2 1 5 4 7 20 2 10
8 5 476 12 3 1 5 4 8 20 2 10
9 5 477 13 4 1 5 4 9 20 2 10
10 5 485 N 0 2 5 4 10 20 2 11
11 5 486 15 1 2 5 4 11 20 2 11
12 5 487 16 2 2 5 4 12 20 2 11
13 5 488 17 3 2 5 4 13 20 2 11
14 5 489 18 4 2 5 4 14 20 2 11
15 5 497 N 0 3 5 4 15 20 2 12
16 5 498 N 1 3 5 4 16 20 2 12
17 5 499 N 2 3 5 4 17 20 2 12
18 5 500 N 3 3 5 4 18 20 2 12
19 5 501 N 4 3 5 4 19 20 2 12
0 5 461 N 0 0 5 4 0 20 2 9
1 5 462 5 1 0 5 4 1 20 2 9
2 5 463 6 2 0 5 4 2 20 2 9
3 5 464 7 3 0 5 4 3 20 2 9
4 5 465 8 4 0 5 4 4 20 2 9
5 5 473 N 0 1 5 4 5 20 2 10
6 5 474 10 1 1 5 4 6 20 2 10
7 5 475 11 2 1 5 4 7 20 2 10
8 5 476 12 3 1 5 4 8 20 2 10
9 5 477 13 4 1 5 4 9 20 2 10
10 5 485 N 0 2 5 4 10 20 2 11
11 5 486 15 1 2 5 4 11 20 2 11
12 5 487 16 2 2 5 4 12 20 2 11
13 5 488 17 3 2 5 4 13 20 2 11
14 5 489 18 4 2 5 4 14 20 2 11
15 5 497 N 0 3 5 4 15 20 2 12
16 5 498 N 1 3 5 4 16 20 2 12
17 5 499 N 2 3 5 4 17 20 2 12
18 5 500 N 3 3 5 4 18 20 2 12
19 5 501 N 4 3 5 4 19 20 2 12
0 5 293 N 0 0 5 4 0 20 1 9
1 5 294 5 1 0 5 4 1 20 1 9
2 5 295 6 2 0 5 4 2 20 1 9
3 5 296 7 3 0 5 4 3 20 1 9
4 5 297 8 4 0 5 4 4 20 1 9
5 5 305 N 0 1 5 4 5 20 1 10
6 5 306 10 1 1 5 4 6 20 1 10
7 5 307 11 2 1 5 4 7 20 1 10
8 5 308 12 3 1 5 4 8 20 1 10
9 5 309 13 4 1 5 4 9 20 1 10
10 5 317 N 0 2 5 4 10 20 1 11
11 5 318 15 1 2 5 4 11 20 1 11
12 5 319 16 2 2 5 4 12 20 1 11
13 5 320 17 3 2 5 4 13 20 1 11
14 5 321 18 4 2 5 4 14 20 1 11
15 5 329 N 0 3 5 4 15 20 1 12
16 5 330 N 1 3 5 4 16 20 1 12
17 5 331 N 2 3 5 4 17 20 1 12
18 5 332 N 3 3 5 4 18 20 1 12
19 5 333 N 4 3 5 4 19 20 1 12
0 5 293 N 0 0 5 4 0 20 1 9
1 5 294 5 1 0 5 4 1 20 1 9
2 5 295 6 2 0 5 4 2 20 1 9
3 5 296 7 3 0 5 4 3 20 1 9
4 5 297 8 4 0 5 4 4 20 1 9
5 5 305 N 0 1 5 4 5 20 1 10
6 5 306 10 1 1 5 4 6 20 1 10
7 5 307 11 2 1 5 4 7 20 1 10
8 5 308 12 3 1 5 4 8 20 1 10
9 5 309 13 4 1 5 4 9 20 1 10
10 5 317 N 0 2 5 4 10 20 1 11
11 5 318 15 1 2 5 4 11 20 1 11
12 5 319 16 2 2 5 4 12 20 1 11
13 5 320 17 3 2 5 4 13 20 1 11
14 5 321 18 4 2 5 4 14 20 1 11
15 5 329 N 0 3 5 4 15 20 1 12
16 5 330 N 1 3 5 4 16 20 1 12
17 5 331 N 2 3 5 4 17 20 1 12
18 5 332 N 3 3 5 4 18 20 1 12
19 5 333 N 4 3 5 4 19 20 1 12
0 5 461 N 0 0 5 4 0 20 2 9
1 5 462 5 1 0 5 4 1 20 2 9
2 5 463 6 2 0 5 4 2 20 2 9
3 5 464 7 3 0 5 4 3 20 2 9
4 5 465 8 4 0 5 4 4 20 2 9
5 5 473 N 0 1 5 4 5 20 2 10
6 5 474 10 1 1 5 4 6 20 2 10
7 5 475 11 2 1 5 4 7 20 2 10
8 5 476 12 3 1 5 4 8 20 2 10
9 5 477 13 4 1 5 4 9 20 2 10
10 5 485 N 0 2 5 4 10 20 2 11
11 5 486 15 1 2 5 4 11 20 2 11
12 5 487 16 2 2 5 4 12 20 2 11
13 5 488 17 3 2 5 4 13 20 2 11
14 5 489 18 4 2 5 4 14 20 2 11
15 5 497 N 0 3 5 4 15 20 2 12
16 5 498 N 1 3 5 4 16 20 2 12
17 5 499 N 2 3 5 4 17 20 2 12
18 5 500 N 3 3 5 4 18 20 2 12
19 5 501 N 4 3 5 4 19 20 2 12
0 5 461 N 0 0 5 4 0 20 2 9
1 5 462 5 1 0 5 4 1 20 2 9
2 5 463 6 2 0 5 4 2 20 2 9
3 5 464 7 3 0 5 4 3 20 2 9
4 5 465 8 4 0 5 4 4 20 2 9
5 5 473 N 0 1 5 4 5 20 2 10
6 5 474 10 1 1 5 4 6 20 2 10
7 5 475 11 2 1 5 4 7 20 2 10
8 5 476 12 3 1 5 4 8 20 2 10
9 5 477 13 4 1 5 4 9 20 2 10
10 5 485 N 0 2 5 4 10 20 2 11
11 5 486 15 1 2 5 4 11 20 2 11
12 5 487 16 2 2 5 4 12 20 2 11
13 5 488 17 3 2 5 4 13 20 2 11
14 5 489 18 4 2 5 4 14 20 2 11
15 5 497 N 0 3 5 4 15 20 2 12
16 5 498 N 1 3 5 4 16 20 2 12
17 5 499 N 2 3 5 4 17 20 2 12
18 5 500 N 3 3 5 4 18 20 2 12
19 5 501 N 4 3 5 4 19 20 2 12
