0 0 0 0 0 0 3 4 0 0 0 0
1 0 0 0 1 0 3 4 1 1 1 0
2 0 1 1 2 0 3 4 2 2 2 0
3 0 9 3 0 1 3 4 3 9 0 1
4 0 9 3 1 1 3 4 4 10 1 1
5 0 10 4 2 1 3 4 5 11 2 1
6 0 18 6 0 2 3 4 6 18 0 2
7 0 18 6 1 2 3 4 7 19 1 2
8 0 19 7 2 2 3 4 8 20 2 2
9 0 27 9 0 3 3 4 9 27 0 3
10 0 27 9 1 3 3 4 10 28 1 3
11 0 28 10 2 3 3 4 11 29 2 3
0 0 108 0 0 0 3 4 0 108 0 0
1 0 108 0 1 0 3 4 1 109 1 0
2 0 109 1 2 0 3 4 2 110 2 0
3 0 117 3 0 1 3 4 3 117 0 1
4 0 117 3 1 1 3 4 4 118 1 1
5 0 118 4 2 1 3 4 5 119 2 1
6 0 126 6 0 2 3 4 6 126 0 2
7 0 126 6 1 2 3 4 7 127 1 2
8 0 127 7 2 2 3 4 8 128 2 2
9 0 135 9 0 3 3 4 9 135 0 3
10 0 135 9 1 3 3 4 10 136 1 3
11 0 136 10 2 3 3 4 11 137 2 3
0 0 216 0 0 0 3 4 0 216 0 0
1 0 216 0 1 0 3 4 1 217 1 0
2 0 217 1 2 0 3 4 2 218 2 0
3 0 225 3 0 1 3 4 3 225 0 1
4 0 225 3 1 1 3 4 4 226 1 1
5 0 226 4 2 1 3 4 5 227 2 1
6 0 234 6 0 2 3 4 6 234 0 2
7 0 234 6 1 2 3 4 7 235 1 2
8 0 235 7 2 2 3 4 8 236 2 2
9 0 243 9 0 3 3 4 9 243 0 3
10 0 243 9 1 3 3 4 10 244 1 3
11 0 244 10 2 3 3 4 11 245 2 3
0 0 324 0 0 0 3 4 0 324 0 0
1 0 324 0 1 0 3 4 1 325 1 0
2 0 325 1 2 0 3 4 2 326 2 0
3 0 333 3 0 1 3 4 3 333 0 1
4 0 333 3 1 1 3 4 4 334 1 1
5 0 334 4 2 1 3 4 5 335 2 1
6 0 342 6 0 2 3 4 6 342 0 2
7 0 342 6 1 2 3 4 7 343 1 2
8 0 343 7 2 2 3 4 8 344 2 2
9 0 351 9 0 3 3 4 9 351 0 3
10 0 351 9 1 3 3 4 10 352 1 3
11 0 352 10 2 3 3 4 11 353 2 3
0 1 2 N 0 0 3 4 0 3 3 0
1 1 3 0 1 0 3 4 1 4 4 0
2 1 4 1 2 0 3 4 2 5 5 0
3 1 11 N 0 1 3 4 3 12 3 1
4 1 12 3 1 1 3 4 4 13 4 1
5 1 13 4 2 1 3 4 5 14 5 1
6 1 20 N 0 2 3 4 6 21 3 2
7 1 21 6 1 2 3 4 7 22 4 2
8 1 22 7 2 2 3 4 8 23 5 2
9 1 29 N 0 3 3 4 9 30 3 3
10 1 30 9 1 3 3 4 10 31 4 3
11 1 31 10 2 3 3 4 11 32 5 3
0 1 110 N 0 0 3 4 0 111 3 0
1 1 111 0 1 0 3 4 1 112 4 0
2 1 112 1 2 0 3 4 2 113 5 0
3 1 119 N 0 1 3 4 3 120 3 1
4 1 120 3 1 1 3 4 4 121 4 1
5 1 121 4 2 1 3 4 5 122 5 1
6 1 128 N 0 2 3 4 6 129 3 2
7 1 129 6 1 2 3 4 7 130 4 2
8 1 130 7 2 2 3 4 8 131 5 2
9 1 137 N 0 3 3 4 9 138 3 3
10 1 138 9 1 3 3 4 10 139 4 3
11 1 139 10 2 3 3 4 11 140 5 3
0 1 218 N 0 0 3 4 0 219 3 0
1 1 219 0 1 0 3 4 1 220 4 0
2 1 220 1 2 0 3 4 2 221 5 0
3 1 227 N 0 1 3 4 3 228 3 1
4 1 228 3 1 1 3 4 4 229 4 1
5 1 229 4 2 1 3 4 5 230 5 1
6 1 236 N 0 2 3 4 6 237 3 2
7 1 237 6 1 2 3 4 7 238 4 2
8 1 238 7 2 2 3 4 8 239 5 2
9 1 245 N 0 3 3 4 9 246 3 3
10 1 246 9 1 3 3 4 10 247 4 3
11 1 247 10 2 3 3 4 11 248 5 3
0 1 326 N 0 0 3 4 0 327 3 0
1 1 327 0 1 0 3 4 1 328 4 0
2 1 328 1 2 0 3 4 2 329 5 0
3 1 335 N 0 1 3 4 3 336 3 1
4 1 336 3 1 1 3 4 4 337 4 1
5 1 337 4 2 1 3 4 5 338 5 1
6 1 344 N 0 2 3 4 6 345 3 2
7 1 345 6 1 2 3 4 7 346 4 2
8 1 346 7 2 2 3 4 8 347 5 2
9 1 353 N 0 3 3 4 9 354 3 3
10 1 354 9 1 3 3 4 10 355 4 3
11 1 355 10 2 3 3 4 11 356 5 3
0 2 5 N 0 0 3 4 0 6 6 0
1 2 6 0 1 0 3 4 1 7 7 0
2 2 7 1 2 0 3 4 2 8 8 0
3 2 14 N 0 1 3 4 3 15 6 1
4 2 15 3 1 1 3 4 4 16 7 1
5 2 16 4 2 1 3 4 5 17 8 1
6 2 23 N 0 2 3 4 6 24 6 2
7 2 24 6 1 2 3 4 7 25 7 2
8 2 25 7 2 2 3 4 8 26 8 2
9 2 32 N 0 3 3 4 9 33 6 3
10 2 33 9 1 3 3 4 10 34 7 3
11 2 34 10 2 3 3 4 11 35 8 3
0 2 113 N 0 0 3 4 0 114 6 0
1 2 114 0 1 0 3 4 1 115 7 0
2 2 115 1 2 0 3 4 2 116 8 0
3 2 122 N 0 1 3 4 3 123 6 1
4 2 123 3 1 1 3 4 4 124 7 1
5 2 124 4 2 1 3 4 5 125 8 1
6 2 131 N 0 2 3 4 6 132 6 2
7 2 132 6 1 2 3 4 7 133 7 2
8 2 133 7 2 2 3 4 8 134 8 2
9 2 140 N 0 3 3 4 9 141 6 3
10 2 141 9 1 3 3 4 10 142 7 3
11 2 142 10 2 3 3 4 11 143 8 3
0 2 221 N 0 0 3 4 0 222 6 0
1 2 222 0 1 0 3 4 1 223 7 0
2 2 223 1 2 0 3 4 2 224 8 0
3 2 230 N 0 1 3 4 3 231 6 1
4 2 231 3 1 1 3 4 4 232 7 1
5 2 232 4 2 1 3 4 5 233 8 1
6 2 239 N 0 2 3 4 6 240 6 2
7 2 240 6 1 2 3 4 7 241 7 2
8 2 241 7 2 2 3 4 8 242 8 2
9 2 248 N 0 3 3 4 9 249 6 3
10 2 249 9 1 3 3 4 10 250 7 3
11 2 250 10 2 3 3 4 11 251 8 3
0 2 329 N 0 0 3 4 0 330 6 0
1 2 330 0 1 0 3 4 1 331 7 0
2 2 331 1 2 0 3 4 2 332 8 0
3 2 338 N 0 1 3 4 3 339 6 1
4 2 339 3 1 1 3 4 4 340 7 1
5 2 340 4 2 1 3 4 5 341 8 1
6 2 347 N 0 2 3 4 6 348 6 2
7 2 348 6 1 2 3 4 7 349 7 2
8 2 349 7 2 2 3 4 8 350 8 2
9 2 356 N 0 3 3 4 9 357 6 3
10 2 357 9 1 3 3 4 10 358 7 3
11 2 358 10 2 3 3 4 11 359 8 3
0 3 36 0 0 0 3 4 0 36 0 4
1 3 36 0 1 0 3 4 1 37 1 4
2 3 37 1 2 0 3 4 2 38 2 4
3 3 45 3 0 1 3 4 3 45 0 5
4 3 45 3 1 1 3 4 4 46 1 5
5 3 46 4 2 1 3 4 5 47 2 5
6 3 54 6 0 2 3 4 6 54 0 6
7 3 54 6 1 2 3 4 7 55 1 6
8 3 55 7 2 2 3 4 8 56 2 6
9 3 63 9 0 3 3 4 9 63 0 7
10 3 63 9 1 3 3 4 10 64 1 7
11 3 64 10 2 3 3 4 11 65 2 7
0 3 144 0 0 0 3 4 0 144 0 4
1 3 144 0 1 0 3 4 1 145 1 4
2 3 145 1 2 0 3 4 2 146 2 4
3 3 153 3 0 1 3 4 3 153 0 5
4 3 153 3 1 1 3 4 4 154 1 5
5 3 154 4 2 1 3 4 5 155 2 5
6 3 162 6 0 2 3 4 6 162 0 6
7 3 162 6 1 2 3 4 7 163 1 6
8 3 163 7 2 2 3 4 8 164 2 6
9 3 171 9 0 3 3 4 9 171 0 7
10 3 171 9 1 3 3 4 10 172 1 7
11 3 172 10 2 3 3 4 11 173 2 7
0 3 252 0 0 0 3 4 0 252 0 4
1 3 252 0 1 0 3 4 1 253 1 4
2 3 253 1 2 0 3 4 2 254 2 4
3 3 261 3 0 1 3 4 3 261 0 5
4 3 261 3 1 1 3 4 4 262 1 5
5 3 262 4 2 1 3 4 5 263 2 5
6 3 270 6 0 2 3 4 6 270 0 6
7 3 270 6 1 2 3 4 7 271 1 6
8 3 271 7 2 2 3 4 8 272 2 6
9 3 279 9 0 3 3 4 9 279 0 7
10 3 279 9 1 3 3 4 10 280 1 7
11 3 280 10 2 3 3 4 11 281 2 7
0 3 360 0 0 0 3 4 0 360 0 4
1 3 360 0 1 0 3 4 1 361 1 4
2 3 361 1 2 0 3 4 2 362 2 4
3 3 369 3 0 1 3 4 3 369 0 5
4 3 369 3 1 1 3 4 4 370 1 5
5 3 370 4 2 1 3 4 5 371 2 5
6 3 378 6 0 2 3 4 6 378 0 6
7 3 378 6 1 2 3 4 7 379 1 6
8 3 379 7 2 2 3 4 8 380 2 6
9 3 387 9 0 3 3 4 9 387 0 7
10 3 387 9 1 3 3 4 10 388 1 7
11 3 388 10 2 3 3 4 11 389 2 7
0 4 38 N 0 0 3 4 0 39 3 4
1 4 39 0 1 0 3 4 1 40 4 4
2 4 40 1 2 0 3 4 2 41 5 4
3 4 47 N 0 1 3 4 3 48 3 5
4 4 48 3 1 1 3 4 4 49 4 5
5 4 49 4 2 1 3 4 5 50 5 5
6 4 56 N 0 2 3 4 6 57 3 6
7 4 57 6 1 2 3 4 7 58 4 6
8 4 58 7 2 2 3 4 8 59 5 6
9 4 65 N 0 3 3 4 9 66 3 7
10 4 66 9 1 3 3 4 10 67 4 7
11 4 67 10 2 3 3 4 11 68 5 7
0 4 146 N 0 0 3 4 0 147 3 4
1 4 147 0 1 0 3 4 1 148 4 4
2 4 148 1 2 0 3 4 2 149 5 4
3 4 155 N 0 1 3 4 3 156 3 5
4 4 156 3 1 1 3 4 4 157 4 5
5 4 157 4 2 1 3 4 5 158 5 5
6 4 164 N 0 2 3 4 6 165 3 6
7 4 165 6 1 2 3 4 7 166 4 6
8 4 166 7 2 2 3 4 8 167 5 6
9 4 173 N 0 3 3 4 9 174 3 7
10 4 174 9 1 3 3 4 10 175 4 7
11 4 175 10 2 3 3 4 11 176 5 7
0 4 254 N 0 0 3 4 0 255 3 4
1 4 255 0 1 0 3 4 1 256 4 4
2 4 256 1 2 0 3 4 2 257 5 4
3 4 263 N 0 1 3 4 3 264 3 5
4 4 264 3 1 1 3 4 4 265 4 5
5 4 265 4 2 1 3 4 5 266 5 5
6 4 272 N 0 2 3 4 6 273 3 6
7 4 273 6 1 2 3 4 7 274 4 6
8 4 274 7 2 2 3 4 8 275 5 6
9 4 281 N 0 3 3 4 9 282 3 7
10 4 282 9 1 3 3 4 10 283 4 7
11 4 283 10 2 3 3 4 11 284 5 7
0 4 362 N 0 0 3 4 0 363 3 4
1 4 363 0 1 0 3 4 1 364 4 4
2 4 364 1 2 0 3 4 2 365 5 4
3 4 371 N 0 1 3 4 3 372 3 5
4 4 372 3 1 1 3 4 4 373 4 5
5 4 373 4 2 1 3 4 5 374 5 5
6 4 380 N 0 2 3 4 6 381 3 6
7 4 381 6 1 2 3 4 7 382 4 6
8 4 382 7 2 2 3 4 8 383 5 6
9 4 389 N 0 3 3 4 9 390 3 7
10 4 390 9 1 3 3 4 10 391 4 7
11 4 391 10 2 3 3 4 11 392 5 7
0 5 41 N 0 0 3 4 0 42 6 4
1 5 42 0 1 0 3 4 1 43 7 4
2 5 43 1 2 0 3 4 2 44 8 4
3 5 50 N 0 1 3 4 3 51 6 5
4 5 51 3 1 1 3 4 4 52 7 5
5 5 52 4 2 1 3 4 5 53 8 5
6 5 59 N 0 2 3 4 6 60 6 6
7 5 60 6 1 2 3 4 7 61 7 6
8 5 61 7 2 2 3 4 8 62 8 6
9 5 68 N 0 3 3 4 9 69 6 7
10 5 69 9 1 3 3 4 10 70 7 7
11 5 70 10 2 3 3 4 11 71 8 7
0 5 149 N 0 0 3 4 0 150 6 4
1 5 150 0 1 0 3 4 1 151 7 4
2 5 151 1 2 0 3 4 2 152 8 4
3 5 158 N 0 1 3 4 3 159 6 5
4 5 159 3 1 1 3 4 4 160 7 5
5 5 160 4 2 1 3 4 5 161 8 5
6 5 167 N 0 2 3 4 6 168 6 6
7 5 168 6 1 2 3 4 7 169 7 6
8 5 169 7 2 2 3 4 8 170 8 6
9 5 176 N 0 3 3 4 9 177 6 7
10 5 177 9 1 3 3 4 10 178 7 7
11 5 178 10 2 3 3 4 11 179 8 7
0 5 257 N 0 0 3 4 0 258 6 4
1 5 258 0 1 0 3 4 1 259 7 4
2 5 259 1 2 0 3 4 2 260 8 4
3 5 266 N 0 1 3 4 3 267 6 5
4 5 267 3 1 1 3 4 4 268 7 5
5 5 268 4 2 1 3 4 5 269 8 5
6 5 275 N 0 2 3 4 6 276 6 6
7 5 276 6 1 2 3 4 7 277 7 6
8 5 277 7 2 2 3 4 8 278 8 6
9 5 284 N 0 3 3 4 9 285 6 7
10 5 285 9 1 3 3 4 10 286 7 7
11 5 286 10 2 3 3 4 11 287 8 7
0 5 365 N 0 0 3 4 0 366 6 4
1 5 366 0 1 0 3 4 1 367 7 4
2 5 367 1 2 0 3 4 2 368 8 4
3 5 374 N 0 1 3 4 3 375 6 5
4 5 375 3 1 1 3 4 4 376 7 5
5 5 376 4 2 1 3 4 5 377 8 5
6 5 383 N 0 2 3 4 6 384 6 6
7 5 384 6 1 2 3 4 7 385 7 6
8 5 385 7 2 2 3 4 8 386 8 6
9 5 392 N 0 3 3 4 9 393 6 7
10 5 393 9 1 3 3 4 10 394 7 7
11 5 394 10 2 3 3 4 11 395 8 7
0 6 72 0 0 0 3 4 0 72 0 8
1 6 72 0 1 0 3 4 1 73 1 8
2 6 73 1 2 0 3 4 2 74 2 8
3 6 81 3 0 1 3 4 3 81 0 9
4 6 81 3 1 1 3 4 4 82 1 9
5 6 82 4 2 1 3 4 5 83 2 9
6 6 90 6 0 2 3 4 6 90 0 10
7 6 90 6 1 2 3 4 7 91 1 10
8 6 91 7 2 2 3 4 8 92 2 10
9 6 99 9 0 3 3 4 9 99 0 11
10 6 99 9 1 3 3 4 10 100 1 11
11 6 100 10 2 3 3 4 11 101 2 11
0 6 180 0 0 0 3 4 0 180 0 8
1 6 180 0 1 0 3 4 1 181 1 8
2 6 181 1 2 0 3 4 2 182 2 8
3 6 189 3 0 1 3 4 3 189 0 9
4 6 189 3 1 1 3 4 4 190 1 9
5 6 190 4 2 1 3 4 5 191 2 9
6 6 198 6 0 2 3 4 6 198 0 10
7 6 198 6 1 2 3 4 7 199 1 10
8 6 199 7 2 2 3 4 8 200 2 10
9 6 207 9 0 3 3 4 9 207 0 11
10 6 207 9 1 3 3 4 10 208 1 11
11 6 208 10 2 3 3 4 11 209 2 11
0 6 288 0 0 0 3 4 0 288 0 8
1 6 288 0 1 0 3 4 1 289 1 8
2 6 289 1 2 0 3 4 2 290 2 8
3 6 297 3 0 1 3 4 3 297 0 9
4 6 297 3 1 1 3 4 4 298 1 9
5 6 298 4 2 1 3 4 5 299 2 9
6 6 306 6 0 2 3 4 6 306 0 10
7 6 306 6 1 2 3 4 7 307 1 10
8 6 307 7 2 2 3 4 8 308 2 10
9 6 315 9 0 3 3 4 9 315 0 11
10 6 315 9 1 3 3 4 10 316 1 11
11 6 316 10 2 3 3 4 11 317 2 11
0 6 396 0 0 0 3 4 0 396 0 8
1 6 396 0 1 0 3 4 1 397 1 8
2 6 397 1 2 0 3 4 2 398 2 8
3 6 405 3 0 1 3 4 3 405 0 9
4 6 405 3 1 1 3 4 4 406 1 9
5 6 406 4 2 1 3 4 5 407 2 9
6 6 414 6 0 2 3 4 6 414 0 10
7 6 414 6 1 2 3 4 7 415 1 10
8 6 415 7 2 2 3 4 8 416 2 10
9 6 423 9 0 3 3 4 9 423 0 11
10 6 423 9 1 3 3 4 10 424 1 11
11 6 424 10 2 3 3 4 11 425 2 11
0 7 74 N 0 0 3 4 0 75 3 8
1 7 75 0 1 0 3 4 1 76 4 8
2 7 76 1 2 0 3 4 2 77 5 8
3 7 83 N 0 1 3 4 3 84 3 9
4 7 84 3 1 1 3 4 4 85 4 9
5 7 85 4 2 1 3 4 5 86 5 9
6 7 92 N 0 2 3 4 6 93 3 10
7 7 93 6 1 2 3 4 7 94 4 10
8 7 94 7 2 2 3 4 8 95 5 10
9 7 101 N 0 3 3 4 9 102 3 11
10 7 102 9 1 3 3 4 10 103 4 11
11 7 103 10 2 3 3 4 11 104 5 11
0 7 182 N 0 0 3 4 0 183 3 8
1 7 183 0 1 0 3 4 1 184 4 8
2 7 184 1 2 0 3 4 2 185 5 8
3 7 191 N 0 1 3 4 3 192 3 9
4 7 192 3 1 1 3 4 4 193 4 9
5 7 193 4 2 1 3 4 5 194 5 9
6 7 200 N 0 2 3 4 6 201 3 10
7 7 201 6 1 2 3 4 7 202 4 10
8 7 202 7 2 2 3 4 8 203 5 10
9 7 209 N 0 3 3 4 9 210 3 11
10 7 210 9 1 3 3 4 10 211 4 11
11 7 211 10 2 3 3 4 11 212 5 11
0 7 290 N 0 0 3 4 0 291 3 8
1 7 291 0 1 0 3 4 1 292 4 8
2 7 292 1 2 0 3 4 2 293 5 8
3 7 299 N 0 1 3 4 3 300 3 9
4 7 300 3 1 1 3 4 4 301 4 9
5 7 301 4 2 1 3 4 5 302 5 9
6 7 308 N 0 2 3 4 6 309 3 10
7 7 309 6 1 2 3 4 7 310 4 10
8 7 310 7 2 2 3 4 8 311 5 10
9 7 317 N 0 3 3 4 9 318 3 11
10 7 318 9 1 3 3 4 10 319 4 11
11 7 319 10 2 3 3 4 11 320 5 11
0 7 398 N 0 0 3 4 0 399 3 8
1 7 399 0 1 0 3 4 1 400 4 8
2 7 400 1 2 0 3 4 2 401 5 8
3 7 407 N 0 1 3 4 3 408 3 9
4 7 408 3 1 1 3 4 4 409 4 9
5 7 409 4 2 1 3 4 5 410 5 9
6 7 416 N 0 2 3 4 6 417 3 10
7 7 417 6 1 2 3 4 7 418 4 10
8 7 418 7 2 2 3 4 8 419 5 10
9 7 425 N 0 3 3 4 9 426 3 11
10 7 426 9 1 3 3 4 10 427 4 11
11 7 427 10 2 3 3 4 11 428 5 11
0 8 77 N 0 0 3 4 0 78 6 8
1 8 78 0 1 0 3 4 1 79 7 8
2 8 79 1 2 0 3 4 2 80 8 8
3 8 86 N 0 1 3 4 3 87 6 9
4 8 87 3 1 1 3 4 4 88 7 9
5 8 88 4 2 1 3 4 5 89 8 9
6 8 95 N 0 2 3 4 6 96 6 10
7 8 96 6 1 2 3 4 7 97 7 10
8 8 97 7 2 2 3 4 8 98 8 10
9 8 104 N 0 3 3 4 9 105 6 11
10 8 105 9 1 3 3 4 10 106 7 11
11 8 106 10 2 3 3 4 11 107 8 11
0 8 185 N 0 0 3 4 0 186 6 8
1 8 186 0 1 0 3 4 1 187 7 8
2 8 187 1 2 0 3 4 2 188 8 8
3 8 194 N 0 1 3 4 3 195 6 9
4 8 195 3 1 1 3 4 4 196 7 9
5 8 196 4 2 1 3 4 5 197 8 9
6 8 203 N 0 2 3 4 6 204 6 10
7 8 204 6 1 2 3 4 7 205 7 10
8 8 205 7 2 2 3 4 8 206 8 10
9 8 212 N 0 3 3 4 9 213 6 11
10 8 213 9 1 3 3 4 10 214 7 11
11 8 214 10 2 3 3 4 11 215 8 11
0 8 293 N 0 0 3 4 0 294 6 8
1 8 294 0 1 0 3 4 1 295 7 8
2 8 295 1 2 0 3 4 2 296 8 8
3 8 302 N 0 1 3 4 3 303 6 9
4 8 303 3 1 1 3 4 4 304 7 9
5 8 304 4 2 1 3 4 5 305 8 9
6 8 311 N 0 2 3 4 6 312 6 10
7 8 312 6 1 2 3 4 7 313 7 10
8 8 313 7 2 2 3 4 8 314 8 10
9 8 320 N 0 3 3 4 9 321 6 11
10 8 321 9 1 3 3 4 10 322 7 11
11 8 322 10 2 3 3 4 11 323 8 11
0 8 401 N 0 0 3 4 0 402 6 8
1 8 402 0 1 0 3 4 1 403 7 8
2 8 403 1 2 0 3 4 2 404 8 8
3 8 410 N 0 1 3 4 3 411 6 9
4 8 411 3 1 1 3 4 4 412 7 9
5 8 412 4 2 1 3 4 5 413 8 9
6 8 419 N 0 2 3 4 6 420 6 10
7 8 420 6 1 2 3 4 7 421 7 10
8 8 421 7 2 2 3 4 8 422 8 10
9 8 428 N 0 3 3 4 9 429 6 11
10 8 429 9 1 3 3 4 10 430 7 11
11 8 430 10 2 3 3 4 11 431 8 11
0 0 0 0 0 0 3 4 0 0 0 0
1 0 0 0 1 0 3 4 1 1 1 0
2 0 1 1 2 0 3 4 2 2 2 0
3 0 9 3 0 1 3 4 3 9 0 1
4 0 9 3 1 1 3 4 4 10 1 1
5 0 10 4 2 1 3 4 5 11 2 1
6 0 18 6 0 2 3 4 6 18 0 2
7 0 18 6 1 2 3 4 7 19 1 2
8 0 19 7 2 2 3 4 8 20 2 2
9 0 27 9 0 3 3 4 9 27 0 3
10 0 27 9 1 3 3 4 10 28 1 3
11 0 28 10 2 3 3 4 11 29 2 3
0 0 108 0 0 0 3 4 0 108 0 0
1 0 108 0 1 0 3 4 1 109 1 0
2 0 109 1 2 0 3 4 2 110 2 0
3 0 117 3 0 1 3 4 3 117 0 1
4 0 117 3 1 1 3 4 4 118 1 1
5 0 118 4 2 1 3 4 5 119 2 1
6 0 126 6 0 2 3 4 6 126 0 2
7 0 126 6 1 2 3 4 7 127 1 2
8 0 127 7 2 2 3 4 8 128 2 2
9 0 135 9 0 3 3 4 9 135 0 3
10 0 135 9 1 3 3 4 10 136 1 3
11 0 136 10 2 3 3 4 11 137 2 3
0 0 216 0 0 0 3 4 0 216 0 0
1 0 216 0 1 0 3 4 1 217 1 0
2 0 217 1 2 0 3 4 2 218 2 0
3 0 225 3 0 1 3 4 3 225 0 1
4 0 225 3 1 1 3 4 4 226 1 1
5 0 226 4 2 1 3 4 5 227 2 1
6 0 234 6 0 2 3 4 6 234 0 2
7 0 234 6 1 2 3 4 7 235 1 2
8 0 235 7 2 2 3 4 8 236 2 2
9 0 243 9 0 3 3 4 9 243 0 3
10 0 243 9 1 3 3 4 10 244 1 3
11 0 244 10 2 3 3 4 11 245 2 3
0 0 324 0 0 0 3 4 0 324 0 0
1 0 324 0 1 0 3 4 1 325 1 0
2 0 325 1 2 0 3 4 2 326 2 0
3 0 333 3 0 1 3 4 3 333 0 1
4 0 333 3 1 1 3 4 4 334 1 1
5 0 334 4 2 1 3 4 5 335 2 1
6 0 342 6 0 2 3 4 6 342 0 2
7 0 342 6 1 2 3 4 7 343 1 2
8 0 343 7 2 2 3 4 8 344 2 2
9 0 351 9 0 3 3 4 9 351 0 3
10 0 351 9 1 3 3 4 10 352 1 3
11 0 352 10 2 3 3 4 11 353 2 3
0 1 2 N 0 0 3 4 0 3 3 0
1 1 3 0 1 0 3 4 1 4 4 0
2 1 4 1 2 0 3 4 2 5 5 0
3 1 11 N 0 1 3 4 3 12 3 1
4 1 12 3 1 1 3 4 4 13 4 1
5 1 13 4 2 1 3 4 5 14 5 1
6 1 20 N 0 2 3 4 6 21 3 2
7 1 21 6 1 2 3 4 7 22 4 2
8 1 22 7 2 2 3 4 8 23 5 2
9 1 29 N 0 3 3 4 9 30 3 3
10 1 30 9 1 3 3 4 10 31 4 3
11 1 31 10 2 3 3 4 11 32 5 3
0 1 110 N 0 0 3 4 0 111 3 0
1 1 111 0 1 0 3 4 1 112 4 0
2 1 112 1 2 0 3 4 2 113 5 0
3 1 119 N 0 1 3 4 3 120 3 1
4 1 120 3 1 1 3 4 4 121 4 1
5 1 121 4 2 1 3 4 5 122 5 1
6 1 128 N 0 2 3 4 6 129 3 2
7 1 129 6 1 2 3 4 7 130 4 2
8 1 130 7 2 2 3 4 8 131 5 2
9 1 137 N 0 3 3 4 9 138 3 3
10 1 138 9 1 3 3 4 10 139 4 3
11 1 139 10 2 3 3 4 11 140 5 3
0 1 218 N 0 0 3 4 0 219 3 0
1 1 219 0 1 0 3 4 1 220 4 0
2 1 220 1 2 0 3 4 2 221 5 0
3 1 227 N 0 1 3 4 3 228 3 1
4 1 228 3 1 1 3 4 4 229 4 1
5 1 229 4 2 1 3 4 5 230 5 1
6 1 236 N 0 2 3 4 6 237 3 2
7 1 237 6 1 2 3 4 7 238 4 2
8 1 238 7 2 2 3 4 8 239 5 2
9 1 245 N 0 3 3 4 9 246 3 3
10 1 246 9 1 3 3 4 10 247 4 3
11 1 247 10 2 3 3 4 11 248 5 3
0 1 326 N 0 0 3 4 0 327 3 0
1 1 327 0 1 0 3 4 1 328 4 0
2 1 328 1 2 0 3 4 2 329 5 0
3 1 335 N 0 1 3 4 3 336 3 1
4 1 336 3 1 1 3 4 4 337 4 1
5 1 337 4 2 1 3 4 5 338 5 1
6 1 344 N 0 2 3 4 6 345 3 2
7 1 345 6 1 2 3 4 7 346 4 2
8 1 346 7 2 2 3 4 8 347 5 2
9 1 353 N 0 3 3 4 9 354 3 3
10 1 354 9 1 3 3 4 10 355 4 3
11 1 355 10 2 3 3 4 11 356 5 3
0 2 5 N 0 0 3 4 0 6 6 0
1 2 6 0 1 0 3 4 1 7 7 0
2 2 7 1 2 0 3 4 2 8 8 0
3 2 14 N 0 1 3 4 3 15 6 1
4 2 15 3 1 1 3 4 4 16 7 1
5 2 16 4 2 1 3 4 5 17 8 1
6 2 23 N 0 2 3 4 6 24 6 2
7 2 24 6 1 2 3 4 7 25 7 2
8 2 25 7 2 2 3 4 8 26 8 2
9 2 32 N 0 3 3 4 9 33 6 3
10 2 33 9 1 3 3 4 10 34 7 3
11 2 34 10 2 3 3 4 11 35 8 3
0 2 113 N 0 0 3 4 0 114 6 0
1 2 114 0 1 0 3 4 1 115 7 0
2 2 115 1 2 0 3 4 2 116 8 0
3 2 122 N 0 1 3 4 3 123 6 1
4 2 123 3 1 1 3 4 4 124 7 1
5 2 124 4 2 1 3 4 5 125 8 1
6 2 131 N 0 2 3 4 6 132 6 2
7 2 132 6 1 2 3 4 7 133 7 2
8 2 133 7 2 2 3 4 8 134 8 2
9 2 140 N 0 3 3 4 9 141 6 3
10 2 141 9 1 3 3 4 10 142 7 3
11 2 142 10 2 3 3 4 11 143 8 3
0 2 221 N 0 0 3 4 0 222 6 0
1 2 222 0 1 0 3 4 1 223 7 0
2 2 223 1 2 0 3 4 2 224 8 0
3 2 230 N 0 1 3 4 3 231 6 1
4 2 231 3 1 1 3 4 4 232 7 1
5 2 232 4 2 1 3 4 5 233 8 1
6 2 239 N 0 2 3 4 6 240 6 2
7 2 240 6 1 2 3 4 7 241 7 2
8 2 241 7 2 2 3 4 8 242 8 2
9 2 248 N 0 3 3 4 9 249 6 3
10 2 249 9 1 3 3 4 10 250 7 3
11 2 250 10 2 3 3 4 11 251 8 3
0 2 329 N 0 0 3 4 0 330 6 0
1 2 330 0 1 0 3 4 1 331 7 0
2 2 331 1 2 0 3 4 2 332 8 0
3 2 338 N 0 1 3 4 3 339 6 1
4 2 339 3 1 1 3 4 4 340 7 1
5 2 340 4 2 1 3 4 5 341 8 1
6 2 347 N 0 2 3 4 6 348 6 2
7 2 348 6 1 2 3 4 7 349 7 2
8 2 349 7 2 2 3 4 8 350 8 2
9 2 356 N 0 3 3 4 9 357 6 3
10 2 357 9 1 3 3 4 10 358 7 3
11 2 358 10 2 3 3 4 11 359 8 3
0 3 36 0 0 0 3 4 0 36 0 4
1 3 36 0 1 0 3 4 1 37 1 4
2 3 37 1 2 0 3 4 2 38 2 4
3 3 45 3 0 1 3 4 3 45 0 5
4 3 45 3 1 1 3 4 4 46 1 5
5 3 46 4 2 1 3 4 5 47 2 5
6 3 54 6 0 2 3 4 6 54 0 6
7 3 54 6 1 2 3 4 7 55 1 6
8 3 55 7 2 2 3 4 8 56 2 6
9 3 63 9 0 3 3 4 9 63 0 7
10 3 63 9 1 3 3 4 10 64 1 7
11 3 64 10 2 3 3 4 11 65 2 7
0 3 144 0 0 0 3 4 0 144 0 4
1 3 144 0 1 0 3 4 1 145 1 4
2 3 145 1 2 0 3 4 2 146 2 4
3 3 153 3 0 1 3 4 3 153 0 5
4 3 153 3 1 1 3 4 4 154 1 5
5 3 154 4 2 1 3 4 5 155 2 5
6 3 162 6 0 2 3 4 6 162 0 6
7 3 162 6 1 2 3 4 7 163 1 6
8 3 163 7 2 2 3 4 8 164 2 6
9 3 171 9 0 3 3 4 9 171 0 7
10 3 171 9 1 3 3 4 10 172 1 7
11 3 172 10 2 3 3 4 11 173 2 7
0 3 252 0 0 0 3 4 0 252 0 4
1 3 252 0 1 0 3 4 1 253 1 4
2 3 253 1 2 0 3 4 2 254 2 4
3 3 261 3 0 1 3 4 3 261 0 5
4 3 261 3 1 1 3 4 4 262 1 5
5 3 262 4 2 1 3 4 5 263 2 5
6 3 270 6 0 2 3 4 6 270 0 6
7 3 270 6 1 2 3 4 7 271 1 6
8 3 271 7 2 2 3 4 8 272 2 6
9 3 279 9 0 3 3 4 9 279 0 7
10 3 279 9 1 3 3 4 10 280 1 7
11 3 280 10 2 3 3 4 11 281 2 7
0 3 360 0 0 0 3 4 0 360 0 4
1 3 360 0 1 0 3 4 1 361 1 4
2 3 361 1 2 0 3 4 2 362 2 4
3 3 369 3 0 1 3 4 3 369 0 5
4 3 369 3 1 1 3 4 4 370 1 5
5 3 370 4 2 1 3 4 5 371 2 5
6 3 378 6 0 2 3 4 6 378 0 6
7 3 378 6 1 2 3 4 7 379 1 6
8 3 379 7 2 2 3 4 8 380 2 6
9 3 387 9 0 3 3 4 9 387 0 7
10 3 387 9 1 3 3 4 10 388 1 7
11 3 388 10 2 3 3 4 11 389 2 7
0 4 38 N 0 0 3 4 0 39 3 4
1 4 39 0 1 0 3 4 1 40 4 4
2 4 40 1 2 0 3 4 2 41 5 4
3 4 47 N 0 1 3 4 3 48 3 5
4 4 48 3 1 1 3 4 4 49 4 5
5 4 49 4 2 1 3 4 5 50 5 5
6 4 56 N 0 2 3 4 6 57 3 6
7 4 57 6 1 2 3 4 7 58 4 6
8 4 58 7 2 2 3 4 8 59 5 6
9 4 65 N 0 3 3 4 9 66 3 7
10 4 66 9 1 3 3 4 10 67 4 7
11 4 67 10 2 3 3 4 11 68 5 7
0 4 146 N 0 0 3 4 0 147 3 4
1 4 147 0 1 0 3 4 1 148 4 4
2 4 148 1 2 0 3 4 2 149 5 4
3 4 155 N 0 1 3 4 3 156 3 5
4 4 156 3 1 1 3 4 4 157 4 5
5 4 157 4 2 1 3 4 5 158 5 5
6 4 164 N 0 2 3 4 6 165 3 6
7 4 165 6 1 2 3 4 7 166 4 6
8 4 166 7 2 2 3 4 8 167 5 6
9 4 173 N 0 3 3 4 9 174 3 7
10 4 174 9 1 3 3 4 10 175 4 7
11 4 175 10 2 3 3 4 11 176 5 7
0 4 254 N 0 0 3 4 0 255 3 4
1 4 255 0 1 0 3 4 1 256 4 4
2 4 256 1 2 0 3 4 2 257 5 4
3 4 263 N 0 1 3 4 3 264 3 5
4 4 264 3 1 1 3 4 4 265 4 5
5 4 265 4 2 1 3 4 5 266 5 5
6 4 272 N 0 2 3 4 6 273 3 6
7 4 273 6 1 2 3 4 7 274 4 6
8 4 274 7 2 2 3 4 8 275 5 6
9 4 281 N 0 3 3 4 9 282 3 7
10 4 282 9 1 3 3 4 10 283 4 7
11 4 283 10 2 3 3 4 11 284 5 7
0 4 362 N 0 0 3 4 0 363 3 4
1 4 363 0 1 0 3 4 1 364 4 4
2 4 364 1 2 0 3 4 2 365 5 4
3 4 371 N 0 1 3 4 3 372 3 5
4 4 372 3 1 1 3 4 4 373 4 5
5 4 373 4 2 1 3 4 5 374 5 5
6 4 380 N 0 2 3 4 6 381 3 6
7 4 381 6 1 2 3 4 7 382 4 6
8 4 382 7 2 2 3 4 8 383 5 6
9 4 389 N 0 3 3 4 9 390 3 7
10 4 390 9 1 3 3 4 10 391 4 7
11 4 391 10 2 3 3 4 11 392 5 7
0 5 41 N 0 0 3 4 0 42 6 4
1 5 42 0 1 0 3 4 1 43 7 4
2 5 43 1 2 0 3 4 2 44 8 4
3 5 50 N 0 1 3 4 3 51 6 5
4 5 51 3 1 1 3 4 4 52 7 5
5 5 52 4 2 1 3 4 5 53 8 5
6 5 59 N 0 2 3 4 6 60 6 6
7 5 60 6 1 2 3 4 7 61 7 6
8 5 61 7 2 2 3 4 8 62 8 6
9 5 68 N 0 3 3 4 9 69 6 7
10 5 69 9 1 3 3 4 10 70 7 7
11 5 70 10 2 3 3 4 11 71 8 7
0 5 149 N 0 0 3 4 0 150 6 4
1 5 150 0 1 0 3 4 1 151 7 4
2 5 151 1 2 0 3 4 2 152 8 4
3 5 158 N 0 1 3 4 3 159 6 5
4 5 159 3 1 1 3 4 4 160 7 5
5 5 160 4 2 1 3 4 5 161 8 5
6 5 167 N 0 2 3 4 6 168 6 6
7 5 168 6 1 2 3 4 7 169 7 6
8 5 169 7 2 2 3 4 8 170 8 6
9 5 176 N 0 3 3 4 9 177 6 7
10 5 177 9 1 3 3 4 10 178 7 7
11 5 178 10 2 3 3 4 11 179 8 7
0 5 257 N 0 0 3 4 0 258 6 4
1 5 258 0 1 0 3 4 1 259 7 4
2 5 259 1 2 0 3 4 2 260 8 4
3 5 266 N 0 1 3 4 3 267 6 5
4 5 267 3 1 1 3 4 4 268 7 5
5 5 268 4 2 1 3 4 5 269 8 5
6 5 275 N 0 2 3 4 6 276 6 6
7 5 276 6 1 2 3 4 7 277 7 6
8 5 277 7 2 2 3 4 8 278 8 6
9 5 284 N 0 3 3 4 9 285 6 7
10 5 285 9 1 3 3 4 10 286 7 7
11 5 286 10 2 3 3 4 11 287 8 7
0 5 365 N 0 0 3 4 0 366 6 4
1 5 366 0 1 0 3 4 1 367 7 4
2 5 367 1 2 0 3 4 2 368 8 4
3 5 374 N 0 1 3 4 3 375 6 5
4 5 375 3 1 1 3 4 4 376 7 5
5 5 376 4 2 1 3 4 5 377 8 5
6 5 383 N 0 2 3 4 6 384 6 6
7 5 384 6 1 2 3 4 7 385 7 6
8 5 385 7 2 2 3 4 8 386 8 6
9 5 392 N 0 3 3 4 9 393 6 7
10 5 393 9 1 3 3 4 10 394 7 7
11 5 394 10 2 3 3 4 11 395 8 7
0 6 72 0 0 0 3 4 0 72 0 8
1 6 72 0 1 0 3 4 1 73 1 8
2 6 73 1 2 0 3 4 2 74 2 8
3 6 81 3 0 1 3 4 3 81 0 9
4 6 81 3 1 1 3 4 4 82 1 9
5 6 82 4 2 1 3 4 5 83 2 9
6 6 90 6 0 2 3 4 6 90 0 10
7 6 90 6 1 2 3 4 7 91 1 10
8 6 91 7 2 2 3 4 8 92 2 10
9 6 99 9 0 3 3 4 9 99 0 11
10 6 99 9 1 3 3 4 10 100 1 11
11 6 100 10 2 3 3 4 11 101 2 11
0 6 180 0 0 0 3 4 0 180 0 8
1 6 180 0 1 0 3 4 1 181 1 8
2 6 181 1 2 0 3 4 2 182 2 8
3 6 189 3 0 1 3 4 3 189 0 9
4 6 189 3 1 1 3 4 4 190 1 9
5 6 190 4 2 1 3 4 5 191 2 9
6 6 198 6 0 2 3 4 6 198 0 10
7 6 198 6 1 2 3 4 7 199 1 10
8 6 199 7 2 2 3 4 8 200 2 10
9 6 207 9 0 3 3 4 9 207 0 11
10 6 207 9 1 3 3 4 10 208 1 11
11 6 208 10 2 3 3 4 11 209 2 11
0 6 288 0 0 0 3 4 0 288 0 8
1 6 288 0 1 0 3 4 1 289 1 8
2 6 289 1 2 0 3 4 2 290 2 8
3 6 297 3 0 1 3 4 3 297 0 9
4 6 297 3 1 1 3 4 4 298 1 9
5 6 298 4 2 1 3 4 5 299 2 9
6 6 306 6 0 2 3 4 6 306 0 10
7 6 306 6 1 2 3 4 7 307 1 10
8 6 307 7 2 2 3 4 8 308 2 10
9 6 315 9 0 3 3 4 9 315 0 11
10 6 315 9 1 3 3 4 10 316 1 11
11 6 316 10 2 3 3 4 11 317 2 11
0 6 396 0 0 0 3 4 0 396 0 8
1 6 396 0 1 0 3 4 1 397 1 8
2 6 397 1 2 0 3 4 2 398 2 8
3 6 405 3 0 1 3 4 3 405 0 9
4 6 405 3 1 1 3 4 4 406 1 9
5 6 406 4 2 1 3 4 5 407 2 9
6 6 414 6 0 2 3 4 6 414 0 10
7 6 414 6 1 2 3 4 7 415 1 10
8 6 415 7 2 2 3 4 8 416 2 10
9 6 423 9 0 3 3 4 9 423 0 11
10 6 423 9 1 3 3 4 10 424 1 11
11 6 424 10 2 3 3 4 11 425 2 11
0 7 74 N 0 0 3 4 0 75 3 8
1 7 75 0 1 0 3 4 1 76 4 8
2 7 76 1 2 0 3 4 2 77 5 8
3 7 83 N 0 1 3 4 3 84 3 9
4 7 84 3 1 1 3 4 4 85 4 9
5 7 85 4 2 1 3 4 5 86 5 9
6 7 92 N 0 2 3 4 6 93 3 10
7 7 93 6 1 2 3 4 7 94 4 10
8 7 94 7 2 2 3 4 8 95 5 10
9 7 101 N 0 3 3 4 9 102 3 11
10 7 102 9 1 3 3 4 10 103 4 11
11 7 103 10 2 3 3 4 11 104 5 11
0 7 182 N 0 0 3 4 0 183 3 8
1 7 183 0 1 0 3 4 1 184 4 8
2 7 184 1 2 0 3 4 2 185 5 8
3 7 191 N 0 1 3 4 3 192 3 9
4 7 192 3 1 1 3 4 4 193 4 9
5 7 193 4 2 1 3 4 5 194 5 9
6 7 200 N 0 2 3 4 6 201 3 10
7 7 201 6 1 2 3 4 7 202 4 10
8 7 202 7 2 2 3 4 8 203 5 10
9 7 209 N 0 3 3 4 9 210 3 11
10 7 210 9 1 3 3 4 10 211 4 11
11 7 211 10 2 3 3 4 11 212 5 11
0 7 290 N 0 0 3 4 0 291 3 8
1 7 291 0 1 0 3 4 1 292 4 8
2 7 292 1 2 0 3 4 2 293 5 8
3 7 299 N 0 1 3 4 3 300 3 9
4 7 300 3 1 1 3 4 4 301 4 9
5 7 301 4 2 1 3 4 5 302 5 9
6 7 308 N 0 2 3 4 6 309 3 10
7 7 309 6 1 2 3 4 7 310 4 10
8 7 310 7 2 2 3 4 8 311 5 10
9 7 317 N 0 3 3 4 9 318 3 11
10 7 318 9 1 3 3 4 10 319 4 11
11 7 319 10 2 3 3 4 11 320 5 11
0 7 398 N 0 0 3 4 0 399 3 8
1 7 399 0 1 0 3 4 1 400 4 8
2 7 400 1 2 0 3 4 2 401 5 8
3 7 407 N 0 1 3 4 3 408 3 9
4 7 408 3 1 1 3 4 4 409 4 9
5 7 409 4 2 1 3 4 5 410 5 9
6 7 416 N 0 2 3 4 6 417 3 10
7 7 417 6 1 2 3 4 7 418 4 10
8 7 418 7 2 2 3 4 8 419 5 10
9 7 425 N 0 3 3 4 9 426 3 11
10 7 426 9 1 3 3 4 10 427 4 11
11 7 427 10 2 3 3 4 11 428 5 11
0 8 77 N 0 0 3 4 0 78 6 8
1 8 78 0 1 0 3 4 1 79 7 8
2 8 79 1 2 0 3 4 2 80 8 8
3 8 86 N 0 1 3 4 3 87 6 9
4 8 87 3 1 1 3 4 4 88 7 9
5 8 88 4 2 1 3 4 5 89 8 9
6 8 95 N 0 2 3 4 6 96 6 10
7 8 96 6 1 2 3 4 7 97 7 10
8 8 97 7 2 2 3 4 8 98 8 10
9 8 104 N 0 3 3 4 9 105 6 11
10 8 105 9 1 3 3 4 10 106 7 11
11 8 106 10 2 3 3 4 11 107 8 11
0 8 185 N 0 0 3 4 0 186 6 8
1 8 186 0 1 0 3 4 1 187 7 8
2 8 187 1 2 0 3 4 2 188 8 8
3 8 194 N 0 1 3 4 3 195 6 9
4 8 195 3 1 1 3 4 4 196 7 9
5 8 196 4 2 1 3 4 5 197 8 9
6 8 203 N 0 2 3 4 6 204 6 10
7 8 204 6 1 2 3 4 7 205 7 10
8 8 205 7 2 2 3 4 8 206 8 10
9 8 212 N 0 3 3 4 9 213 6 11
10 8 213 9 1 3 3 4 10 214 7 11
11 8 214 10 2 3 3 4 11 215 8 11
0 8 293 N 0 0 3 4 0 294 6 8
1 8 294 0 1 0 3 4 1 295 7 8
2 8 295 1 2 0 3 4 2 296 8 8
3 8 302 N 0 1 3 4 3 303 6 9
4 8 303 3 1 1 3 4 4 304 7 9
5 8 304 4 2 1 3 4 5 305 8 9
6 8 311 N 0 2 3 4 6 312 6 10
7 8 312 6 1 2 3 4 7 313 7 10
8 8 313 7 2 2 3 4 8 314 8 10
9 8 320 N 0 3 3 4 9 321 6 11
10 8 321 9 1 3 3 4 10 322 7 11
11 8 322 10 2 3 3 4 11 323 8 11
0 8 401 N 0 0 3 4 0 402 6 8
1 8 402 0 1 0 3 4 1 403 7 8
2 8 403 1 2 0 3 4 2 404 8 8
3 8 410 N 0 1 3 4 3 411 6 9
4 8 411 3 1 1 3 4 4 412 7 9
5 8 412 4 2 1 3 4 5 413 8 9
6 8 419 N 0 2 3 4 6 420 6 10
7 8 420 6 1 2 3 4 7 421 7 10
8 8 421 7 2 2 3 4 8 422 8 10
9 8 428 N 0 3 3 4 9 429 6 11
10 8 429 9 1 3 3 4 10 430 7 11
11 8 430 10 2 3 3 4 11 431 8 11
0 0 0 0 0 0 3 4 0 0 0 0
1 0 0 0 1 0 3 4 1 1 1 0
2 0 1 1 2 0 3 4 2 2 2 0
3 0 9 3 0 1 3 4 3 9 0 1
4 0 9 3 1 1 3 4 4 10 1 1
5 0 10 4 2 1 3 4 5 11 2 1
6 0 18 6 0 2 3 4 6 18 0 2
7 0 18 6 1 2 3 4 7 19 1 2
8 0 19 7 2 2 3 4 8 20 2 2
9 0 27 9 0 3 3 4 9 27 0 3
10 0 27 9 1 3 3 4 10 28 1 3
11 0 28 10 2 3 3 4 11 29 2 3
0 0 108 0 0 0 3 4 0 108 0 0
1 0 108 0 1 0 3 4 1 109 1 0
2 0 109 1 2 0 3 4 2 110 2 0
3 0 117 3 0 1 3 4 3 117 0 1
4 0 117 3 1 1 3 4 4 118 1 1
5 0 118 4 2 1 3 4 5 119 2 1
6 0 126 6 0 2 3 4 6 126 0 2
7 0 126 6 1 2 3 4 7 127 1 2
8 0 127 7 2 2 3 4 8 128 2 2
9 0 135 9 0 3 3 4 9 135 0 3
10 0 135 9 1 3 3 4 10 136 1 3
11 0 136 10 2 3 3 4 11 137 2 3
0 0 216 0 0 0 3 4 0 216 0 0
1 0 216 0 1 0 3 4 1 217 1 0
2 0 217 1 2 0 3 4 2 218 2 0
3 0 225 3 0 1 3 4 3 225 0 1
4 0 225 3 1 1 3 4 4 226 1 1
5 0 226 4 2 1 3 4 5 227 2 1
6 0 234 6 0 2 3 4 6 234 0 2
7 0 234 6 1 2 3 4 7 235 1 2
8 0 235 7 2 2 3 4 8 236 2 2
9 0 243 9 0 3 3 4 9 243 0 3
10 0 243 9 1 3 3 4 10 244 1 3
11 0 244 10 2 3 3 4 11 245 2 3
0 0 324 0 0 0 3 4 0 324 0 0
1 0 324 0 1 0 3 4 1 325 1 0
2 0 325 1 2 0 3 4 2 326 2 0
3 0 333 3 0 1 3 4 3 333 0 1
4 0 333 3 1 1 3 4 4 334 1 1
5 0 334 4 2 1 3 4 5 335 2 1
6 0 342 6 0 2 3 4 6 342 0 2
7 0 342 6 1 2 3 4 7 343 1 2
8 0 343 7 2 2 3 4 8 344 2 2
9 0 351 9 0 3 3 4 9 351 0 3
10 0 351 9 1 3 3 4 10 352 1 3
11 0 352 10 2 3 3 4 11 353 2 3
0 1 2 N 0 0 3 4 0 3 3 0
1 1 3 0 1 0 3 4 1 4 4 0
2 1 4 1 2 0 3 4 2 5 5 0
3 1 11 N 0 1 3 4 3 12 3 1
4 1 12 3 1 1 3 4 4 13 4 1
5 1 13 4 2 1 3 4 5 14 5 1
6 1 20 N 0 2 3 4 6 21 3 2
7 1 21 6 1 2 3 4 7 22 4 2
8 1 22 7 2 2 3 4 8 23 5 2
9 1 29 N 0 3 3 4 9 30 3 3
10 1 30 9 1 3 3 4 10 31 4 3
11 1 31 10 2 3 3 4 11 32 5 3
0 1 110 N 0 0 3 4 0 111 3 0
1 1 111 0 1 0 3 4 1 112 4 0
2 1 112 1 2 0 3 4 2 113 5 0
3 1 119 N 0 1 3 4 3 120 3 1
4 1 120 3 1 1 3 4 4 121 4 1
5 1 121 4 2 1 3 4 5 122 5 1
6 1 128 N 0 2 3 4 6 129 3 2
7 1 129 6 1 2 3 4 7 130 4 2
8 1 130 7 2 2 3 4 8 131 5 2
9 1 137 N 0 3 3 4 9 138 3 3
10 1 138 9 1 3 3 4 10 139 4 3
11 1 139 10 2 3 3 4 11 140 5 3
0 1 218 N 0 0 3 4 0 219 3 0
1 1 219 0 1 0 3 4 1 220 4 0
2 1 220 1 2 0 3 4 2 221 5 0
3 1 227 N 0 1 3 4 3 228 3 1
4 1 228 3 1 1 3 4 4 229 4 1
5 1 229 4 2 1 3 4 5 230 5 1
6 1 236 N 0 2 3 4 6 237 3 2
7 1 237 6 1 2 3 4 7 238 4 2
8 1 238 7 2 2 3 4 8 239 5 2
9 1 245 N 0 3 3 4 9 246 3 3
10 1 246 9 1 3 3 4 10 247 4 3
11 1 247 10 2 3 3 4 11 248 5 3
0 1 326 N 0 0 3 4 0 327 3 0
1 1 327 0 1 0 3 4 1 328 4 0
2 1 328 1 2 0 3 4 2 329 5 0
3 1 335 N 0 1 3 4 3 336 3 1
4 1 336 3 1 1 3 4 4 337 4 1
5 1 337 4 2 1 3 4 5 338 5 1
6 1 344 N 0 2 3 4 6 345 3 2
7 1 345 6 1 2 3 4 7 346 4 2
8 1 346 7 2 2 3 4 8 347 5 2
9 1 353 N 0 3 3 4 9 354 3 3
10 1 354 9 1 3 3 4 10 355 4 3
11 1 355 10 2 3 3 4 11 356 5 3
0 2 5 N 0 0 3 4 0 6 6 0
1 2 6 0 1 0 3 4 1 7 7 0
2 2 7 1 2 0 3 4 2 8 8 0
3 2 14 N 0 1 3 4 3 15 6 1
4 2 15 3 1 1 3 4 4 16 7 1
5 2 16 4 2 1 3 4 5 17 8 1
6 2 23 N 0 2 3 4 6 24 6 2
7 2 24 6 1 2 3 4 7 25 7 2
8 2 25 7 2 2 3 4 8 26 8 2
9 2 32 N 0 3 3 4 9 33 6 3
10 2 33 9 1 3 3 4 10 34 7 3
11 2 34 10 2 3 3 4 11 35 8 3
0 2 113 N 0 0 3 4 0 114 6 0
1 2 114 0 1 0 3 4 1 115 7 0
2 2 115 1 2 0 3 4 2 116 8 0
3 2 122 N 0 1 3 4 3 123 6 1
4 2 123 3 1 1 3 4 4 124 7 1
5 2 124 4 2 1 3 4 5 125 8 1
6 2 131 N 0 2 3 4 6 132 6 2
7 2 132 6 1 2 3 4 7 133 7 2
8 2 133 7 2 2 3 4 8 134 8 2
9 2 140 N 0 3 3 4 9 141 6 3
10 2 141 9 1 3 3 4 10 142 7 3
11 2 142 10 2 3 3 4 11 143 8 3
0 2 221 N 0 0 3 4 0 222 6 0
1 2 222 0 1 0 3 4 1 223 7 0
2 2 223 1 2 0 3 4 2 224 8 0
3 2 230 N 0 1 3 4 3 231 6 1
4 2 231 3 1 1 3 4 4 232 7 1
5 2 232 4 2 1 3 4 5 233 8 1
6 2 239 N 0 2 3 4 6 240 6 2
7 2 240 6 1 2 3 4 7 241 7 2
8 2 241 7 2 2 3 4 8 242 8 2
9 2 248 N 0 3 3 4 9 249 6 3
10 2 249 9 1 3 3 4 10 250 7 3
11 2 250 10 2 3 3 4 11 251 8 3
0 2 329 N 0 0 3 4 0 330 6 0
1 2 330 0 1 0 3 4 1 331 7 0
2 2 331 1 2 0 3 4 2 332 8 0
3 2 338 N 0 1 3 4 3 339 6 1
4 2 339 3 1 1 3 4 4 340 7 1
5 2 340 4 2 1 3 4 5 341 8 1
6 2 347 N 0 2 3 4 6 348 6 2
7 2 348 6 1 2 3 4 7 349 7 2
8 2 349 7 2 2 3 4 8 350 8 2
9 2 356 N 0 3 3 4 9 357 6 3
10 2 357 9 1 3 3 4 10 358 7 3
11 2 358 10 2 3 3 4 11 359 8 3
0 3 36 0 0 0 3 4 0 36 0 4
1 3 36 0 1 0 3 4 1 37 1 4
2 3 37 1 2 0 3 4 2 38 2 4
3 3 45 3 0 1 3 4 3 45 0 5
4 3 45 3 1 1 3 4 4 46 1 5
5 3 46 4 2 1 3 4 5 47 2 5
6 3 54 6 0 2 3 4 6 54 0 6
7 3 54 6 1 2 3 4 7 55 1 6
8 3 55 7 2 2 3 4 8 56 2 6
9 3 63 9 0 3 3 4 9 63 0 7
10 3 63 9 1 3 3 4 10 64 1 7
11 3 64 10 2 3 3 4 11 65 2 7
0 3 144 0 0 0 3 4 0 144 0 4
1 3 144 0 1 0 3 4 1 145 1 4
2 3 145 1 2 0 3 4 2 146 2 4
3 3 153 3 0 1 3 4 3 153 0 5
4 3 153 3 1 1 3 4 4 154 1 5
5 3 154 4 2 1 3 4 5 155 2 5
6 3 162 6 0 2 3 4 6 162 0 6
7 3 162 6 1 2 3 4 7 163 1 6
8 3 163 7 2 2 3 4 8 164 2 6
9 3 171 9 0 3 3 4 9 171 0 7
10 3 171 9 1 3 3 4 10 172 1 7
11 3 172 10 2 3 3 4 11 173 2 7
0 3 252 0 0 0 3 4 0 252 0 4
1 3 252 0 1 0 3 4 1 253 1 4
2 3 253 1 2 0 3 4 2 254 2 4
3 3 261 3 0 1 3 4 3 261 0 5
4 3 261 3 1 1 3 4 4 262 1 5
5 3 262 4 2 1 3 4 5 263 2 5
6 3 270 6 0 2 3 4 6 270 0 6
7 3 270 6 1 2 3 4 7 271 1 6
8 3 271 7 2 2 3 4 8 272 2 6
9 3 279 9 0 3 3 4 9 279 0 7
10 3 279 9 1 3 3 4 10 280 1 7
11 3 280 10 2 3 3 4 11 281 2 7
0 3 360 0 0 0 3 4 0 360 0 4
1 3 360 0 1 0 3 4 1 361 1 4
2 3 361 1 2 0 3 4 2 362 2 4
3 3 369 3 0 1 3 4 3 369 0 5
4 3 369 3 1 1 3 4 4 370 1 5
5 3 370 4 2 1 3 4 5 371 2 5
6 3 378 6 0 2 3 4 6 378 0 6
7 3 378 6 1 2 3 4 7 379 1 6
8 3 379 7 2 2 3 4 8 380 2 6
9 3 387 9 0 3 3 4 9 387 0 7
10 3 387 9 1 3 3 4 10 388 1 7
11 3 388 10 2 3 3 4 11 389 2 7
0 4 38 N 0 0 3 4 0 39 3 4
1 4 39 0 1 0 3 4 1 40 4 4
2 4 40 1 2 0 3 4 2 41 5 4
3 4 47 N 0 1 3 4 3 48 3 5
4 4 48 3 1 1 3 4 4 49 4 5
5 4 49 4 2 1 3 4 5 50 5 5
6 4 56 N 0 2 3 4 6 57 3 6
7 4 57 6 1 2 3 4 7 58 4 6
8 4 58 7 2 2 3 4 8 59 5 6
9 4 65 N 0 3 3 4 9 66 3 7
10 4 66 9 1 3 3 4 10 67 4 7
11 4 67 10 2 3 3 4 11 68 5 7
0 4 146 N 0 0 3 4 0 147 3 4
1 4 147 0 1 0 3 4 1 148 4 4
2 4 148 1 2 0 3 4 2 149 5 4
3 4 155 N 0 1 3 4 3 156 3 5
4 4 156 3 1 1 3 4 4 157 4 5
5 4 157 4 2 1 3 4 5 158 5 5
6 4 164 N 0 2 3 4 6 165 3 6
7 4 165 6 1 2 3 4 7 166 4 6
8 4 166 7 2 2 3 4 8 167 5 6
9 4 173 N 0 3 3 4 9 174 3 7
10 4 174 9 1 3 3 4 10 175 4 7
11 4 175 10 2 3 3 4 11 176 5 7
0 4 254 N 0 0 3 4 0 255 3 4
1 4 255 0 1 0 3 4 1 256 4 4
2 4 256 1 2 0 3 4 2 257 5 4
3 4 263 N 0 1 3 4 3 264 3 5
4 4 264 3 1 1 3 4 4 265 4 5
5 4 265 4 2 1 3 4 5 266 5 5
6 4 272 N 0 2 3 4 6 273 3 6
7 4 273 6 1 2 3 4 7 274 4 6
8 4 274 7 2 2 3 4 8 275 5 6
9 4 281 N 0 3 3 4 9 282 3 7
10 4 282 9 1 3 3 4 10 283 4 7
11 4 283 10 2 3 3 4 11 284 5 7
0 4 362 N 0 0 3 4 0 363 3 4
1 4 363 0 1 0 3 4 1 364 4 4
2 4 364 1 2 0 3 4 2 365 5 4
3 4 371 N 0 1 3 4 3 372 3 5
4 4 372 3 1 1 3 4 4 373 4 5
5 4 373 4 2 1 3 4 5 374 5 5
6 4 380 N 0 2 3 4 6 381 3 6
7 4 381 6 1 2 3 4 7 382 4 6
8 4 382 7 2 2 3 4 8 383 5 6
9 4 389 N 0 3 3 4 9 390 3 7
10 4 390 9 1 3 3 4 10 391 4 7
11 4 391 10 2 3 3 4 11 392 5 7
0 5 41 N 0 0 3 4 0 42 6 4
1 5 42 0 1 0 3 4 1 43 7 4
2 5 43 1 2 0 3 4 2 44 8 4
3 5 50 N 0 1 3 4 3 51 6 5
4 5 51 3 1 1 3 4 4 52 7 5
5 5 52 4 2 1 3 4 5 53 8 5
6 5 59 N 0 2 3 4 6 60 6 6
7 5 60 6 1 2 3 4 7 61 7 6
8 5 61 7 2 2 3 4 8 62 8 6
9 5 68 N 0 3 3 4 9 69 6 7
10 5 69 9 1 3 3 4 10 70 7 7
11 5 70 10 2 3 3 4 11 71 8 7
0 5 149 N 0 0 3 4 0 150 6 4
1 5 150 0 1 0 3 4 1 151 7 4
2 5 151 1 2 0 3 4 2 152 8 4
3 5 158 N 0 1 3 4 3 159 6 5
4 5 159 3 1 1 3 4 4 160 7 5
5 5 160 4 2 1 3 4 5 161 8 5
6 5 167 N 0 2 3 4 6 168 6 6
7 5 168 6 1 2 3 4 7 169 7 6
8 5 169 7 2 2 3 4 8 170 8 6
9 5 176 N 0 3 3 4 9 177 6 7
10 5 177 9 1 3 3 4 10 178 7 7
11 5 178 10 2 3 3 4 11 179 8 7
0 5 257 N 0 0 3 4 0 258 6 4
1 5 258 0 1 0 3 4 1 259 7 4
2 5 259 1 2 0 3 4 2 260 8 4
3 5 266 N 0 1 3 4 3 267 6 5
4 5 267 3 1 1 3 4 4 268 7 5
5 5 268 4 2 1 3 4 5 269 8 5
6 5 275 N 0 2 3 4 6 276 6 6
7 5 276 6 1 2 3 4 7 277 7 6
8 5 277 7 2 2 3 4 8 278 8 6
9 5 284 N 0 3 3 4 9 285 6 7
10 5 285 9 1 3 3 4 10 286 7 7
11 5 286 10 2 3 3 4 11 287 8 7
0 5 365 N 0 0 3 4 0 366 6 4
1 5 366 0 1 0 3 4 1 367 7 4
2 5 367 1 2 0 3 4 2 368 8 4
3 5 374 N 0 1 3 4 3 375 6 5
4 5 375 3 1 1 3 4 4 376 7 5
5 5 376 4 2 1 3 4 5 377 8 5
6 5 383 N 0 2 3 4 6 384 6 6
7 5 384 6 1 2 3 4 7 385 7 6
8 5 385 7 2 2 3 4 8 386 8 6
9 5 392 N 0 3 3 4 9 393 6 7
10 5 393 9 1 3 3 4 10 394 7 7
11 5 394 10 2 3 3 4 11 395 8 7
0 6 72 0 0 0 3 4 0 72 0 8
1 6 72 0 1 0 3 4 1 73 1 8
2 6 73 1 2 0 3 4 2 74 2 8
3 6 81 3 0 1 3 4 3 81 0 9
4 6 81 3 1 1 3 4 4 82 1 9
5 6 82 4 2 1 3 4 5 83 2 9
6 6 90 6 0 2 3 4 6 90 0 10
7 6 90 6 1 2 3 4 7 91 1 10
8 6 91 7 2 2 3 4 8 92 2 10
9 6 99 9 0 3 3 4 9 99 0 11
10 6 99 9 1 3 3 4 10 100 1 11
11 6 100 10 2 3 3 4 11 101 2 11
0 6 180 0 0 0 3 4 0 180 0 8
1 6 180 0 1 0 3 4 1 181 1 8
2 6 181 1 2 0 3 4 2 182 2 8
3 6 189 3 0 1 3 4 3 189 0 9
4 6 189 3 1 1 3 4 4 190 1 9
5 6 190 4 2 1 3 4 5 191 2 9
6 6 198 6 0 2 3 4 6 198 0 10
7 6 198 6 1 2 3 4 7 199 1 10
8 6 199 7 2 2 3 4 8 200 2 10
9 6 207 9 0 3 3 4 9 207 0 11
10 6 207 9 1 3 3 4 10 208 1 11
11 6 208 10 2 3 3 4 11 209 2 11
0 6 288 0 0 0 3 4 0 288 0 8
1 6 288 0 1 0 3 4 1 289 1 8
2 6 289 1 2 0 3 4 2 290 2 8
3 6 297 3 0 1 3 4 3 297 0 9
4 6 297 3 1 1 3 4 4 298 1 9
5 6 298 4 2 1 3 4 5 299 2 9
6 6 306 6 0 2 3 4 6 306 0 10
7 6 306 6 1 2 3 4 7 307 1 10
8 6 307 7 2 2 3 4 8 308 2 10
9 6 315 9 0 3 3 4 9 315 0 11
10 6 315 9 1 3 3 4 10 316 1 11
11 6 316 10 2 3 3 4 11 317 2 11
0 6 396 0 0 0 3 4 0 396 0 8
1 6 396 0 1 0 3 4 1 397 1 8
2 6 397 1 2 0 3 4 2 398 2 8
3 6 405 3 0 1 3 4 3 405 0 9
4 6 405 3 1 1 3 4 4 406 1 9
5 6 406 4 2 1 3 4 5 407 2 9
6 6 414 6 0 2 3 4 6 414 0 10
7 6 414 6 1 2 3 4 7 415 1 10
8 6 415 7 2 2 3 4 8 416 2 10
9 6 423 9 0 3 3 4 9 423 0 11
10 6 423 9 1 3 3 4 10 424 1 11
11 6 424 10 2 3 3 4 11 425 2 11
0 7 74 N 0 0 3 4 0 75 3 8
1 7 75 0 1 0 3 4 1 76 4 8
2 7 76 1 2 0 3 4 2 77 5 8
3 7 83 N 0 1 3 4 3 84 3 9
4 7 84 3 1 1 3 4 4 85 4 9
5 7 85 4 2 1 3 4 5 86 5 9
6 7 92 N 0 2 3 4 6 93 3 10
7 7 93 6 1 2 3 4 7 94 4 10
8 7 94 7 2 2 3 4 8 95 5 10
9 7 101 N 0 3 3 4 9 102 3 11
10 7 102 9 1 3 3 4 10 103 4 11
11 7 103 10 2 3 3 4 11 104 5 11
0 7 182 N 0 0 3 4 0 183 3 8
1 7 183 0 1 0 3 4 1 184 4 8
2 7 184 1 2 0 3 4 2 185 5 8
3 7 191 N 0 1 3 4 3 192 3 9
4 7 192 3 1 1 3 4 4 193 4 9
5 7 193 4 2 1 3 4 5 194 5 9
6 7 200 N 0 2 3 4 6 201 3 10
7 7 201 6 1 2 3 4 7 202 4 10
8 7 202 7 2 2 3 4 8 203 5 10
9 7 209 N 0 3 3 4 9 210 3 11
10 7 210 9 1 3 3 4 10 211 4 11
11 7 211 10 2 3 3 4 11 212 5 11
0 7 290 N 0 0 3 4 0 291 3 8
1 7 291 0 1 0 3 4 1 292 4 8
2 7 292 1 2 0 3 4 2 293 5 8
3 7 299 N 0 1 3 4 3 300 3 9
4 7 300 3 1 1 3 4 4 301 4 9
5 7 301 4 2 1 3 4 5 302 5 9
6 7 308 N 0 2 3 4 6 309 3 10
7 7 309 6 1 2 3 4 7 310 4 10
8 7 310 7 2 2 3 4 8 311 5 10
9 7 317 N 0 3 3 4 9 318 3 11
10 7 318 9 1 3 3 4 10 319 4 11
11 7 319 10 2 3 3 4 11 320 5 11
0 7 398 N 0 0 3 4 0 399 3 8
1 7 399 0 1 0 3 4 1 400 4 8
2 7 400 1 2 0 3 4 2 401 5 8
3 7 407 N 0 1 3 4 3 408 3 9
4 7 408 3 1 1 3 4 4 409 4 9
5 7 409 4 2 1 3 4 5 410 5 9
6 7 416 N 0 2 3 4 6 417 3 10
7 7 417 6 1 2 3 4 7 418 4 10
8 7 418 7 2 2 3 4 8 419 5 10
9 7 425 N 0 3 3 4 9 426 3 11
10 7 426 9 1 3 3 4 10 427 4 11
11 7 427 10 2 3 3 4 11 428 5 11
0 8 77 N 0 0 3 4 0 78 6 8
1 8 78 0 1 0 3 4 1 79 7 8
2 8 79 1 2 0 3 4 2 80 8 8
3 8 86 N 0 1 3 4 3 87 6 9
4 8 87 3 1 1 3 4 4 88 7 9
5 8 88 4 2 1 3 4 5 89 8 9
6 8 95 N 0 2 3 4 6 96 6 10
7 8 96 6 1 2 3 4 7 97 7 10
8 8 97 7 2 2 3 4 8 98 8 10
9 8 104 N 0 3 3 4 9 105 6 11
10 8 105 9 1 3 3 4 10 106 7 11
11 8 106 10 2 3 3 4 11 107 8 11
0 8 185 N 0 0 3 4 0 186 6 8
1 8 186 0 1 0 3 4 1 187 7 8
2 8 187 1 2 0 3 4 2 188 8 8
3 8 194 N 0 1 3 4 3 195 6 9
4 8 195 3 1 1 3 4 4 196 7 9
5 8 196 4 2 1 3 4 5 197 8 9
6 8 203 N 0 2 3 4 6 204 6 10
7 8 204 6 1 2 3 4 7 205 7 10
8 8 205 7 2 2 3 4 8 206 8 10
9 8 212 N 0 3 3 4 9 213 6 11
10 8 213 9 1 3 3 4 10 214 7 11
11 8 214 10 2 3 3 4 11 215 8 11
0 8 293 N 0 0 3 4 0 294 6 8
1 8 294 0 1 0 3 4 1 295 7 8
2 8 295 1 2 0 3 4 2 296 8 8
3 8 302 N 0 1 3 4 3 303 6 9
4 8 303 3 1 1 3 4 4 304 7 9
5 8 304 4 2 1 3 4 5 305 8 9
6 8 311 N 0 2 3 4 6 312 6 10
7 8 312 6 1 2 3 4 7 313 7 10
8 8 313 7 2 2 3 4 8 314 8 10
9 8 320 N 0 3 3 4 9 321 6 11
10 8 321 9 1 3 3 4 10 322 7 11
11 8 322 10 2 3 3 4 11 323 8 11
0 8 401 N 0 0 3 4 0 402 6 8
1 8 402 0 1 0 3 4 1 403 7 8
2 8 403 1 2 0 3 4 2 404 8 8
3 8 410 N 0 1 3 4 3 411 6 9
4 8 411 3 1 1 3 4 4 412 7 9
5 8 412 4 2 1 3 4 5 413 8 9
6 8 419 N 0 2 3 4 6 420 6 10
7 8 420 6 1 2 3 4 7 421 7 10
8 8 421 7 2 2 3 4 8 422 8 10
9 8 428 N 0 3 3 4 9 429 6 11
10 8 429 9 1 3 3 4 10 430 7 11
11 8 430 10 2 3 3 4 11 431 8 11
