0 0 170 N 0 0 5 4 0 20 1 1
1 0 171 N 1 0 5 4 1 20 1 1
2 0 172 N 2 0 5 4 2 20 1 1
3 0 173 N 3 0 5 4 3 20 1 1
4 0 174 N 4 0 5 4 4 20 1 1
5 0 182 1 0 1 5 4 5 20 1 2
6 0 183 2 1 1 5 4 6 20 1 2
7 0 184 3 2 1 5 4 7 20 1 2
8 0 185 4 3 1 5 4 8 20 1 2
9 0 186 N 4 1 5 4 9 20 1 2
10 0 194 6 0 2 5 4 10 20 1 3
11 0 195 7 1 2 5 4 11 20 1 3
12 0 196 8 2 2 5 4 12 20 1 3
13 0 197 9 3 2 5 4 13 20 1 3
14 0 198 N 4 2 5 4 14 20 1 3
15 0 206 11 0 3 5 4 15 20 1 4
16 0 207 12 1 3 5 4 16 20 1 4
17 0 208 13 2 3 5 4 17 20 1 4
18 0 209 14 3 3 5 4 18 20 1 4
19 0 210 N 4 3 5 4 19 20 1 4
0 0 170 N 0 0 5 4 0 20 1 1
1 0 171 N 1 0 5 4 1 20 1 1
2 0 172 N 2 0 5 4 2 20 1 1
3 0 173 N 3 0 5 4 3 20 1 1
4 0 174 N 4 0 5 4 4 20 1 1
5 0 182 1 0 1 5 4 5 20 1 2
6 0 183 2 1 1 5 4 6 20 1 2
7 0 184 3 2 1 5 4 7 20 1 2
8 0 185 4 3 1 5 4 8 20 1 2
9 0 186 N 4 1 5 4 9 20 1 2
10 0 194 6 0 2 5 4 10 20 1 3
11 0 195 7 1 2 5 4 11 20 1 3
12 0 196 8 2 2 5 4 12 20 1 3
13 0 197 9 3 2 5 4 13 20 1 3
14 0 198 N 4 2 5 4 14 20 1 3
15 0 206 11 0 3 5 4 15 20 1 4
16 0 207 12 1 3 5 4 16 20 1 4
17 0 208 13 2 3 5 4 17 20 1 4
18 0 209 14 3 3 5 4 18 20 1 4
19 0 210 N 4 3 5 4 19 20 1 4
0 0 338 N 0 0 5 4 0 20 2 1
1 0 339 N 1 0 5 4 1 20 2 1
2 0 340 N 2 0 5 4 2 20 2 1
3 0 341 N 3 0 5 4 3 20 2 1
4 0 342 N 4 0 5 4 4 20 2 1
5 0 350 1 0 1 5 4 5 20 2 2
6 0 351 2 1 1 5 4 6 20 2 2
7 0 352 3 2 1 5 4 7 20 2 2
8 0 353 4 3 1 5 4 8 20 2 2
9 0 354 N 4 1 5 4 9 20 2 2
10 0 362 6 0 2 5 4 10 20 2 3
11 0 363 7 1 2 5 4 11 20 2 3
12 0 364 8 2 2 5 4 12 20 2 3
13 0 365 9 3 2 5 4 13 20 2 3
14 0 366 N 4 2 5 4 14 20 2 3
15 0 374 11 0 3 5 4 15 20 2 4
16 0 375 12 1 3 5 4 16 20 2 4
17 0 376 13 2 3 5 4 17 20 2 4
18 0 377 14 3 3 5 4 18 20 2 4
19 0 378 N 4 3 5 4 19 20 2 4
0 0 338 N 0 0 5 4 0 20 2 1
1 0 339 N 1 0 5 4 1 20 2 1
2 0 340 N 2 0 5 4 2 20 2 1
3 0 341 N 3 0 5 4 3 20 2 1
4 0 342 N 4 0 5 4 4 20 2 1
5 0 350 1 0 1 5 4 5 20 2 2
6 0 351 2 1 1 5 4 6 20 2 2
7 0 352 3 2 1 5 4 7 20 2 2
8 0 353 4 3 1 5 4 8 20 2 2
9 0 354 N 4 1 5 4 9 20 2 2
10 0 362 6 0 2 5 4 10 20 2 3
11 0 363 7 1 2 5 4 11 20 2 3
12 0 364 8 2 2 5 4 12 20 2 3
13 0 365 9 3 2 5 4 13 20 2 3
14 0 366 N 4 2 5 4 14 20 2 3
15 0 374 11 0 3 5 4 15 20 2 4
16 0 375 12 1 3 5 4 16 20 2 4
17 0 376 13 2 3 5 4 17 20 2 4
18 0 377 14 3 3 5 4 18 20 2 4
19 0 378 N 4 3 5 4 19 20 2 4
0 0 170 N 0 0 5 4 0 20 1 1
1 0 171 N 1 0 5 4 1 20 1 1
2 0 172 N 2 0 5 4 2 20 1 1
3 0 173 N 3 0 5 4 3 20 1 1
4 0 174 N 4 0 5 4 4 20 1 1
5 0 182 1 0 1 5 4 5 20 1 2
6 0 183 2 1 1 5 4 6 20 1 2
7 0 184 3 2 1 5 4 7 20 1 2
8 0 185 4 3 1 5 4 8 20 1 2
9 0 186 N 4 1 5 4 9 20 1 2
10 0 194 6 0 2 5 4 10 20 1 3
11 0 195 7 1 2 5 4 11 20 1 3
12 0 196 8 2 2 5 4 12 20 1 3
13 0 197 9 3 2 5 4 13 20 1 3
14 0 198 N 4 2 5 4 14 20 1 3
15 0 206 11 0 3 5 4 15 20 1 4
16 0 207 12 1 3 5 4 16 20 1 4
17 0 208 13 2 3 5 4 17 20 1 4
18 0 209 14 3 3 5 4 18 20 1 4
19 0 210 N 4 3 5 4 19 20 1 4
0 0 170 N 0 0 5 4 0 20 1 1
1 0 171 N 1 0 5 4 1 20 1 1
2 0 172 N 2 0 5 4 2 20 1 1
3 0 173 N 3 0 5 4 3 20 1 1
4 0 174 N 4 0 5 4 4 20 1 1
5 0 182 1 0 1 5 4 5 20 1 2
6 0 183 2 1 1 5 4 6 20 1 2
7 0 184 3 2 1 5 4 7 20 1 2
8 0 185 4 3 1 5 4 8 20 1 2
9 0 186 N 4 1 5 4 9 20 1 2
10 0 194 6 0 2 5 4 10 20 1 3
11 0 195 7 1 2 5 4 11 20 1 3
12 0 196 8 2 2 5 4 12 20 1 3
13 0 197 9 3 2 5 4 13 20 1 3
14 0 198 N 4 2 5 4 14 20 1 3
15 0 206 11 0 3 5 4 15 20 1 4
16 0 207 12 1 3 5 4 16 20 1 4
17 0 208 13 2 3 5 4 17 20 1 4
18 0 209 14 3 3 5 4 18 20 1 4
19 0 210 N 4 3 5 4 19 20 1 4
0 0 338 N 0 0 5 4 0 20 2 1
1 0 339 N 1 0 5 4 1 20 2 1
2 0 340 N 2 0 5 4 2 20 2 1
3 0 341 N 3 0 5 4 3 20 2 1
4 0 342 N 4 0 5 4 4 20 2 1
5 0 350 1 0 1 5 4 5 20 2 2
6 0 351 2 1 1 5 4 6 20 2 2
7 0 352 3 2 1 5 4 7 20 2 2
8 0 353 4 3 1 5 4 8 20 2 2
9 0 354 N 4 1 5 4 9 20 2 2
10 0 362 6 0 2 5 4 10 20 2 3
11 0 363 7 1 2 5 4 11 20 2 3
12 0 364 8 2 2 5 4 12 20 2 3
13 0 365 9 3 2 5 4 13 20 2 3
14 0 366 N 4 2 5 4 14 20 2 3
15 0 374 11 0 3 5 4 15 20 2 4
16 0 375 12 1 3 5 4 16 20 2 4
17 0 376 13 2 3 5 4 17 20 2 4
18 0 377 14 3 3 5 4 18 20 2 4
19 0 378 N 4 3 5 4 19 20 2 4
0 0 338 N 0 0 5 4 0 20 2 1
1 0 339 N 1 0 5 4 1 20 2 1
2 0 340 N 2 0 5 4 2 20 2 1
3 0 341 N 3 0 5 4 3 20 2 1
4 0 342 N 4 0 5 4 4 20 2 1
5 0 350 1 0 1 5 4 5 20 2 2
6 0 351 2 1 1 5 4 6 20 2 2
7 0 352 3 2 1 5 4 7 20 2 2
8 0 353 4 3 1 5 4 8 20 2 2
9 0 354 N 4 1 5 4 9 20 2 2
10 0 362 6 0 2 5 4 10 20 2 3
11 0 363 7 1 2 5 4 11 20 2 3
12 0 364 8 2 2 5 4 12 20 2 3
13 0 365 9 3 2 5 4 13 20 2 3
14 0 366 N 4 2 5 4 14 20 2 3
15 0 374 11 0 3 5 4 15 20 2 4
16 0 375 12 1 3 5 4 16 20 2 4
17 0 376 13 2 3 5 4 17 20 2 4
18 0 377 14 3 3 5 4 18 20 2 4
19 0 378 N 4 3 5 4 19 20 2 4
0 0 170 N 0 0 5 4 0 20 1 1
1 0 171 N 1 0 5 4 1 20 1 1
2 0 172 N 2 0 5 4 2 20 1 1
3 0 173 N 3 0 5 4 3 20 1 1
4 0 174 N 4 0 5 4 4 20 1 1
5 0 182 1 0 1 5 4 5 20 1 2
6 0 183 2 1 1 5 4 6 20 1 2
7 0 184 3 2 1 5 4 7 20 1 2
8 0 185 4 3 1 5 4 8 20 1 2
9 0 186 N 4 1 5 4 9 20 1 2
10 0 194 6 0 2 5 4 10 20 1 3
11 0 195 7 1 2 5 4 11 20 1 3
12 0 196 8 2 2 5 4 12 20 1 3
13 0 197 9 3 2 5 4 13 20 1 3
14 0 198 N 4 2 5 4 14 20 1 3
15 0 206 11 0 3 5 4 15 20 1 4
16 0 207 12 1 3 5 4 16 20 1 4
17 0 208 13 2 3 5 4 17 20 1 4
18 0 209 14 3 3 5 4 18 20 1 4
19 0 210 N 4 3 5 4 19 20 1 4
0 0 170 N 0 0 5 4 0 20 1 1
1 0 171 N 1 0 5 4 1 20 1 1
2 0 172 N 2 0 5 4 2 20 1 1
3 0 173 N 3 0 5 4 3 20 1 1
4 0 174 N 4 0 5 4 4 20 1 1
5 0 182 1 0 1 5 4 5 20 1 2
6 0 183 2 1 1 5 4 6 20 1 2
7 0 184 3 2 1 5 4 7 20 1 2
8 0 185 4 3 1 5 4 8 20 1 2
9 0 186 N 4 1 5 4 9 20 1 2
10 0 194 6 0 2 5 4 10 20 1 3
11 0 195 7 1 2 5 4 11 20 1 3
12 0 196 8 2 2 5 4 12 20 1 3
13 0 197 9 3 2 5 4 13 20 1 3
14 0 198 N 4 2 5 4 14 20 1 3
15 0 206 11 0 3 5 4 15 20 1 4
16 0 207 12 1 3 5 4 16 20 1 4
17 0 208 13 2 3 5 4 17 20 1 4
18 0 209 14 3 3 5 4 18 20 1 4
19 0 210 N 4 3 5 4 19 20 1 4
0 0 338 N 0 0 5 4 0 20 2 1
1 0 339 N 1 0 5 4 1 20 2 1
2 0 340 N 2 0 5 4 2 20 2 1
3 0 341 N 3 0 5 4 3 20 2 1
4 0 342 N 4 0 5 4 4 20 2 1
5 0 350 1 0 1 5 4 5 20 2 2
6 0 351 2 1 1 5 4 6 20 2 2
7 0 352 3 2 1 5 4 7 20 2 2
8 0 353 4 3 1 5 4 8 20 2 2
9 0 354 N 4 1 5 4 9 20 2 2
10 0 362 6 0 2 5 4 10 20 2 3
11 0 363 7 1 2 5 4 11 20 2 3
12 0 364 8 2 2 5 4 12 20 2 3
13 0 365 9 3 2 5 4 13 20 2 3
14 0 366 N 4 2 5 4 14 20 2 3
15 0 374 11 0 3 5 4 15 20 2 4
16 0 375 12 1 3 5 4 16 20 2 4
17 0 376 13 2 3 5 4 17 20 2 4
18 0 377 14 3 3 5 4 18 20 2 4
19 0 378 N 4 3 5 4 19 20 2 4
0 0 338 N 0 0 5 4 0 20 2 1
1 0 339 N 1 0 5 4 1 20 2 1
2 0 340 N 2 0 5 4 2 20 2 1
3 0 341 N 3 0 5 4 3 20 2 1
4 0 342 N 4 0 5 4 4 20 2 1
5 0 350 1 0 1 5 4 5 20 2 2
6 0 351 2 1 1 5 4 6 20 2 2
7 0 352 3 2 1 5 4 7 20 2 2
8 0 353 4 3 1 5 4 8 20 2 2
9 0 354 N 4 1 5 4 9 20 2 2
10 0 362 6 0 2 5 4 10 20 2 3
11 0 363 7 1 2 5 4 11 20 2 3
12 0 364 8 2 2 5 4 12 20 2 3
13 0 365 9 3 2 5 4 13 20 2 3
14 0 366 N 4 2 5 4 14 20 2 3
15 0 374 11 0 3 5 4 15 20 2 4
16 0 375 12 1 3 5 4 16 20 2 4
17 0 376 13 2 3 5 4 17 20 2 4
18 0 377 14 3 3 5 4 18 20 2 4
19 0 378 N 4 3 5 4 19 20 2 4
0 1 175 N 0 0 5 4 0 20 1 1
1 1 176 N 1 0 5 4 1 20 1 1
2 1 177 N 2 0 5 4 2 20 1 1
3 1 178 N 3 0 5 4 3 20 1 1
4 1 179 N 4 0 5 4 4 20 1 1
5 1 187 1 0 1 5 4 5 20 1 2
6 1 188 2 1 1 5 4 6 20 1 2
7 1 189 3 2 1 5 4 7 20 1 2
8 1 190 4 3 1 5 4 8 20 1 2
9 1 191 N 4 1 5 4 9 20 1 2
10 1 199 6 0 2 5 4 10 20 1 3
11 1 200 7 1 2 5 4 11 20 1 3
12 1 201 8 2 2 5 4 12 20 1 3
13 1 202 9 3 2 5 4 13 20 1 3
14 1 203 N 4 2 5 4 14 20 1 3
15 1 211 11 0 3 5 4 15 20 1 4
16 1 212 12 1 3 5 4 16 20 1 4
17 1 213 13 2 3 5 4 17 20 1 4
18 1 214 14 3 3 5 4 18 20 1 4
19 1 215 N 4 3 5 4 19 20 1 4
0 1 175 N 0 0 5 4 0 20 1 1
1 1 176 N 1 0 5 4 1 20 1 1
2 1 177 N 2 0 5 4 2 20 1 1
3 1 178 N 3 0 5 4 3 20 1 1
4 1 179 N 4 0 5 4 4 20 1 1
5 1 187 1 0 1 5 4 5 20 1 2
6 1 188 2 1 1 5 4 6 20 1 2
7 1 189 3 2 1 5 4 7 20 1 2
8 1 190 4 3 1 5 4 8 20 1 2
9 1 191 N 4 1 5 4 9 20 1 2
10 1 199 6 0 2 5 4 10 20 1 3
11 1 200 7 1 2 5 4 11 20 1 3
12 1 201 8 2 2 5 4 12 20 1 3
13 1 202 9 3 2 5 4 13 20 1 3
14 1 203 N 4 2 5 4 14 20 1 3
15 1 211 11 0 3 5 4 15 20 1 4
16 1 212 12 1 3 5 4 16 20 1 4
17 1 213 13 2 3 5 4 17 20 1 4
18 1 214 14 3 3 5 4 18 20 1 4
19 1 215 N 4 3 5 4 19 20 1 4
0 1 343 N 0 0 5 4 0 20 2 1
1 1 344 N 1 0 5 4 1 20 2 1
2 1 345 N 2 0 5 4 2 20 2 1
3 1 346 N 3 0 5 4 3 20 2 1
4 1 347 N 4 0 5 4 4 20 2 1
5 1 355 1 0 1 5 4 5 20 2 2
6 1 356 2 1 1 5 4 6 20 2 2
7 1 357 3 2 1 5 4 7 20 2 2
8 1 358 4 3 1 5 4 8 20 2 2
9 1 359 N 4 1 5 4 9 20 2 2
10 1 367 6 0 2 5 4 10 20 2 3
11 1 368 7 1 2 5 4 11 20 2 3
12 1 369 8 2 2 5 4 12 20 2 3
13 1 370 9 3 2 5 4 13 20 2 3
14 1 371 N 4 2 5 4 14 20 2 3
15 1 379 11 0 3 5 4 15 20 2 4
16 1 380 12 1 3 5 4 16 20 2 4
17 1 381 13 2 3 5 4 17 20 2 4
18 1 382 14 3 3 5 4 18 20 2 4
19 1 383 N 4 3 5 4 19 20 2 4
0 1 343 N 0 0 5 4 0 20 2 1
1 1 344 N 1 0 5 4 1 20 2 1
2 1 345 N 2 0 5 4 2 20 2 1
3 1 346 N 3 0 5 4 3 20 2 1
4 1 347 N 4 0 5 4 4 20 2 1
5 1 355 1 0 1 5 4 5 20 2 2
6 1 356 2 1 1 5 4 6 20 2 2
7 1 357 3 2 1 5 4 7 20 2 2
8 1 358 4 3 1 5 4 8 20 2 2
9 1 359 N 4 1 5 4 9 20 2 2
10 1 367 6 0 2 5 4 10 20 2 3
11 1 368 7 1 2 5 4 11 20 2 3
12 1 369 8 2 2 5 4 12 20 2 3
13 1 370 9 3 2 5 4 13 20 2 3
14 1 371 N 4 2 5 4 14 20 2 3
15 1 379 11 0 3 5 4 15 20 2 4
16 1 380 12 1 3 5 4 16 20 2 4
17 1 381 13 2 3 5 4 17 20 2 4
18 1 382 14 3 3 5 4 18 20 2 4
19 1 383 N 4 3 5 4 19 20 2 4
0 1 175 N 0 0 5 4 0 20 1 1
1 1 176 N 1 0 5 4 1 20 1 1
2 1 177 N 2 0 5 4 2 20 1 1
3 1 178 N 3 0 5 4 3 20 1 1
4 1 179 N 4 0 5 4 4 20 1 1
5 1 187 1 0 1 5 4 5 20 1 2
6 1 188 2 1 1 5 4 6 20 1 2
7 1 189 3 2 1 5 4 7 20 1 2
8 1 190 4 3 1 5 4 8 20 1 2
9 1 191 N 4 1 5 4 9 20 1 2
10 1 199 6 0 2 5 4 10 20 1 3
11 1 200 7 1 2 5 4 11 20 1 3
12 1 201 8 2 2 5 4 12 20 1 3
13 1 202 9 3 2 5 4 13 20 1 3
14 1 203 N 4 2 5 4 14 20 1 3
15 1 211 11 0 3 5 4 15 20 1 4
16 1 212 12 1 3 5 4 16 20 1 4
17 1 213 13 2 3 5 4 17 20 1 4
18 1 214 14 3 3 5 4 18 20 1 4
19 1 215 N 4 3 5 4 19 20 1 4
0 1 175 N 0 0 5 4 0 20 1 1
1 1 176 N 1 0 5 4 1 20 1 1
2 1 177 N 2 0 5 4 2 20 1 1
3 1 178 N 3 0 5 4 3 20 1 1
4 1 179 N 4 0 5 4 4 20 1 1
5 1 187 1 0 1 5 4 5 20 1 2
6 1 188 2 1 1 5 4 6 20 1 2
7 1 189 3 2 1 5 4 7 20 1 2
8 1 190 4 3 1 5 4 8 20 1 2
9 1 191 N 4 1 5 4 9 20 1 2
10 1 199 6 0 2 5 4 10 20 1 3
11 1 200 7 1 2 5 4 11 20 1 3
12 1 201 8 2 2 5 4 12 20 1 3
13 1 202 9 3 2 5 4 13 20 1 3
14 1 203 N 4 2 5 4 14 20 1 3
15 1 211 11 0 3 5 4 15 20 1 4
16 1 212 12 1 3 5 4 16 20 1 4
17 1 213 13 2 3 5 4 17 20 1 4
18 1 214 14 3 3 5 4 18 20 1 4
19 1 215 N 4 3 5 4 19 20 1 4
0 1 343 N 0 0 5 4 0 20 2 1
1 1 344 N 1 0 5 4 1 20 2 1
2 1 345 N 2 0 5 4 2 20 2 1
3 1 346 N 3 0 5 4 3 20 2 1
4 1 347 N 4 0 5 4 4 20 2 1
5 1 355 1 0 1 5 4 5 20 2 2
6 1 356 2 1 1 5 4 6 20 2 2
7 1 357 3 2 1 5 4 7 20 2 2
8 1 358 4 3 1 5 4 8 20 2 2
9 1 359 N 4 1 5 4 9 20 2 2
10 1 367 6 0 2 5 4 10 20 2 3
11 1 368 7 1 2 5 4 11 20 2 3
12 1 369 8 2 2 5 4 12 20 2 3
13 1 370 9 3 2 5 4 13 20 2 3
14 1 371 N 4 2 5 4 14 20 2 3
15 1 379 11 0 3 5 4 15 20 2 4
16 1 380 12 1 3 5 4 16 20 2 4
17 1 381 13 2 3 5 4 17 20 2 4
18 1 382 14 3 3 5 4 18 20 2 4
19 1 383 N 4 3 5 4 19 20 2 4
0 1 343 N 0 0 5 4 0 20 2 1
1 1 344 N 1 0 5 4 1 20 2 1
2 1 345 N 2 0 5 4 2 20 2 1
3 1 346 N 3 0 5 4 3 20 2 1
4 1 347 N 4 0 5 4 4 20 2 1
5 1 355 1 0 1 5 4 5 20 2 2
6 1 356 2 1 1 5 4 6 20 2 2
7 1 357 3 2 1 5 4 7 20 2 2
8 1 358 4 3 1 5 4 8 20 2 2
9 1 359 N 4 1 5 4 9 20 2 2
10 1 367 6 0 2 5 4 10 20 2 3
11 1 368 7 1 2 5 4 11 20 2 3
12 1 369 8 2 2 5 4 12 20 2 3
13 1 370 9 3 2 5 4 13 20 2 3
14 1 371 N 4 2 5 4 14 20 2 3
15 1 379 11 0 3 5 4 15 20 2 4
16 1 380 12 1 3 5 4 16 20 2 4
17 1 381 13 2 3 5 4 17 20 2 4
18 1 382 14 3 3 5 4 18 20 2 4
19 1 383 N 4 3 5 4 19 20 2 4
0 1 175 N 0 0 5 4 0 20 1 1
1 1 176 N 1 0 5 4 1 20 1 1
2 1 177 N 2 0 5 4 2 20 1 1
3 1 178 N 3 0 5 4 3 20 1 1
4 1 179 N 4 0 5 4 4 20 1 1
5 1 187 1 0 1 5 4 5 20 1 2
6 1 188 2 1 1 5 4 6 20 1 2
7 1 189 3 2 1 5 4 7 20 1 2
8 1 190 4 3 1 5 4 8 20 1 2
9 1 191 N 4 1 5 4 9 20 1 2
10 1 199 6 0 2 5 4 10 20 1 3
11 1 200 7 1 2 5 4 11 20 1 3
12 1 201 8 2 2 5 4 12 20 1 3
13 1 202 9 3 2 5 4 13 20 1 3
14 1 203 N 4 2 5 4 14 20 1 3
15 1 211 11 0 3 5 4 15 20 1 4
16 1 212 12 1 3 5 4 16 20 1 4
17 1 213 13 2 3 5 4 17 20 1 4
18 1 214 14 3 3 5 4 18 20 1 4
19 1 215 N 4 3 5 4 19 20 1 4
0 1 175 N 0 0 5 4 0 20 1 1
1 1 176 N 1 0 5 4 1 20 1 1
2 1 177 N 2 0 5 4 2 20 1 1
3 1 178 N 3 0 5 4 3 20 1 1
4 1 179 N 4 0 5 4 4 20 1 1
5 1 187 1 0 1 5 4 5 20 1 2
6 1 188 2 1 1 5 4 6 20 1 2
7 1 189 3 2 1 5 4 7 20 1 2
8 1 190 4 3 1 5 4 8 20 1 2
9 1 191 N 4 1 5 4 9 20 1 2
10 1 199 6 0 2 5 4 10 20 1 3
11 1 200 7 1 2 5 4 11 20 1 3
12 1 201 8 2 2 5 4 12 20 1 3
13 1 202 9 3 2 5 4 13 20 1 3
14 1 203 N 4 2 5 4 14 20 1 3
15 1 211 11 0 3 5 4 15 20 1 4
16 1 212 12 1 3 5 4 16 20 1 4
17 1 213 13 2 3 5 4 17 20 1 4
18 1 214 14 3 3 5 4 18 20 1 4
19 1 215 N 4 3 5 4 19 20 1 4
0 1 343 N 0 0 5 4 0 20 2 1
1 1 344 N 1 0 5 4 1 20 2 1
2 1 345 N 2 0 5 4 2 20 2 1
3 1 346 N 3 0 5 4 3 20 2 1
4 1 347 N 4 0 5 4 4 20 2 1
5 1 355 1 0 1 5 4 5 20 2 2
6 1 356 2 1 1 5 4 6 20 2 2
7 1 357 3 2 1 5 4 7 20 2 2
8 1 358 4 3 1 5 4 8 20 2 2
9 1 359 N 4 1 5 4 9 20 2 2
10 1 367 6 0 2 5 4 10 20 2 3
11 1 368 7 1 2 5 4 11 20 2 3
12 1 369 8 2 2 5 4 12 20 2 3
13 1 370 9 3 2 5 4 13 20 2 3
14 1 371 N 4 2 5 4 14 20 2 3
15 1 379 11 0 3 5 4 15 20 2 4
16 1 380 12 1 3 5 4 16 20 2 4
17 1 381 13 2 3 5 4 17 20 2 4
18 1 382 14 3 3 5 4 18 20 2 4
19 1 383 N 4 3 5 4 19 20 2 4
0 1 343 N 0 0 5 4 0 20 2 1
1 1 344 N 1 0 5 4 1 20 2 1
2 1 345 N 2 0 5 4 2 20 2 1
3 1 346 N 3 0 5 4 3 20 2 1
4 1 347 N 4 0 5 4 4 20 2 1
5 1 355 1 0 1 5 4 5 20 2 2
6 1 356 2 1 1 5 4 6 20 2 2
7 1 357 3 2 1 5 4 7 20 2 2
8 1 358 4 3 1 5 4 8 20 2 2
9 1 359 N 4 1 5 4 9 20 2 2
10 1 367 6 0 2 5 4 10 20 2 3
11 1 368 7 1 2 5 4 11 20 2 3
12 1 369 8 2 2 5 4 12 20 2 3
13 1 370 9 3 2 5 4 13 20 2 3
14 1 371 N 4 2 5 4 14 20 2 3
15 1 379 11 0 3 5 4 15 20 2 4
16 1 380 12 1 3 5 4 16 20 2 4
17 1 381 13 2 3 5 4 17 20 2 4
18 1 382 14 3 3 5 4 18 20 2 4
19 1 383 N 4 3 5 4 19 20 2 4
0 2 218 N 0 0 5 4 0 20 1 5
1 2 219 N 1 0 5 4 1 20 1 5
2 2 220 N 2 0 5 4 2 20 1 5
3 2 221 N 3 0 5 4 3 20 1 5
4 2 222 N 4 0 5 4 4 20 1 5
5 2 230 1 0 1 5 4 5 20 1 6
6 2 231 2 1 1 5 4 6 20 1 6
7 2 232 3 2 1 5 4 7 20 1 6
8 2 233 4 3 1 5 4 8 20 1 6
9 2 234 N 4 1 5 4 9 20 1 6
10 2 242 6 0 2 5 4 10 20 1 7
11 2 243 7 1 2 5 4 11 20 1 7
12 2 244 8 2 2 5 4 12 20 1 7
13 2 245 9 3 2 5 4 13 20 1 7
14 2 246 N 4 2 5 4 14 20 1 7
15 2 254 11 0 3 5 4 15 20 1 8
16 2 255 12 1 3 5 4 16 20 1 8
17 2 256 13 2 3 5 4 17 20 1 8
18 2 257 14 3 3 5 4 18 20 1 8
19 2 258 N 4 3 5 4 19 20 1 8
0 2 218 N 0 0 5 4 0 20 1 5
1 2 219 N 1 0 5 4 1 20 1 5
2 2 220 N 2 0 5 4 2 20 1 5
3 2 221 N 3 0 5 4 3 20 1 5
4 2 222 N 4 0 5 4 4 20 1 5
5 2 230 1 0 1 5 4 5 20 1 6
6 2 231 2 1 1 5 4 6 20 1 6
7 2 232 3 2 1 5 4 7 20 1 6
8 2 233 4 3 1 5 4 8 20 1 6
9 2 234 N 4 1 5 4 9 20 1 6
10 2 242 6 0 2 5 4 10 20 1 7
11 2 243 7 1 2 5 4 11 20 1 7
12 2 244 8 2 2 5 4 12 20 1 7
13 2 245 9 3 2 5 4 13 20 1 7
14 2 246 N 4 2 5 4 14 20 1 7
15 2 254 11 0 3 5 4 15 20 1 8
16 2 255 12 1 3 5 4 16 20 1 8
17 2 256 13 2 3 5 4 17 20 1 8
18 2 257 14 3 3 5 4 18 20 1 8
19 2 258 N 4 3 5 4 19 20 1 8
0 2 386 N 0 0 5 4 0 20 2 5
1 2 387 N 1 0 5 4 1 20 2 5
2 2 388 N 2 0 5 4 2 20 2 5
3 2 389 N 3 0 5 4 3 20 2 5
4 2 390 N 4 0 5 4 4 20 2 5
5 2 398 1 0 1 5 4 5 20 2 6
6 2 399 2 1 1 5 4 6 20 2 6
7 2 400 3 2 1 5 4 7 20 2 6
8 2 401 4 3 1 5 4 8 20 2 6
9 2 402 N 4 1 5 4 9 20 2 6
10 2 410 6 0 2 5 4 10 20 2 7
11 2 411 7 1 2 5 4 11 20 2 7
12 2 412 8 2 2 5 4 12 20 2 7
13 2 413 9 3 2 5 4 13 20 2 7
14 2 414 N 4 2 5 4 14 20 2 7
15 2 422 11 0 3 5 4 15 20 2 8
16 2 423 12 1 3 5 4 16 20 2 8
17 2 424 13 2 3 5 4 17 20 2 8
18 2 425 14 3 3 5 4 18 20 2 8
19 2 426 N 4 3 5 4 19 20 2 8
0 2 386 N 0 0 5 4 0 20 2 5
1 2 387 N 1 0 5 4 1 20 2 5
2 2 388 N 2 0 5 4 2 20 2 5
3 2 389 N 3 0 5 4 3 20 2 5
4 2 390 N 4 0 5 4 4 20 2 5
5 2 398 1 0 1 5 4 5 20 2 6
6 2 399 2 1 1 5 4 6 20 2 6
7 2 400 3 2 1 5 4 7 20 2 6
8 2 401 4 3 1 5 4 8 20 2 6
9 2 402 N 4 1 5 4 9 20 2 6
10 2 410 6 0 2 5 4 10 20 2 7
11 2 411 7 1 2 5 4 11 20 2 7
12 2 412 8 2 2 5 4 12 20 2 7
13 2 413 9 3 2 5 4 13 20 2 7
14 2 414 N 4 2 5 4 14 20 2 7
15 2 422 11 0 3 5 4 15 20 2 8
16 2 423 12 1 3 5 4 16 20 2 8
17 2 424 13 2 3 5 4 17 20 2 8
18 2 425 14 3 3 5 4 18 20 2 8
19 2 426 N 4 3 5 4 19 20 2 8
0 2 218 N 0 0 5 4 0 20 1 5
1 2 219 N 1 0 5 4 1 20 1 5
2 2 220 N 2 0 5 4 2 20 1 5
3 2 221 N 3 0 5 4 3 20 1 5
4 2 222 N 4 0 5 4 4 20 1 5
5 2 230 1 0 1 5 4 5 20 1 6
6 2 231 2 1 1 5 4 6 20 1 6
7 2 232 3 2 1 5 4 7 20 1 6
8 2 233 4 3 1 5 4 8 20 1 6
9 2 234 N 4 1 5 4 9 20 1 6
10 2 242 6 0 2 5 4 10 20 1 7
11 2 243 7 1 2 5 4 11 20 1 7
12 2 244 8 2 2 5 4 12 20 1 7
13 2 245 9 3 2 5 4 13 20 1 7
14 2 246 N 4 2 5 4 14 20 1 7
15 2 254 11 0 3 5 4 15 20 1 8
16 2 255 12 1 3 5 4 16 20 1 8
17 2 256 13 2 3 5 4 17 20 1 8
18 2 257 14 3 3 5 4 18 20 1 8
19 2 258 N 4 3 5 4 19 20 1 8
0 2 218 N 0 0 5 4 0 20 1 5
1 2 219 N 1 0 5 4 1 20 1 5
2 2 220 N 2 0 5 4 2 20 1 5
3 2 221 N 3 0 5 4 3 20 1 5
4 2 222 N 4 0 5 4 4 20 1 5
5 2 230 1 0 1 5 4 5 20 1 6
6 2 231 2 1 1 5 4 6 20 1 6
7 2 232 3 2 1 5 4 7 20 1 6
8 2 233 4 3 1 5 4 8 20 1 6
9 2 234 N 4 1 5 4 9 20 1 6
10 2 242 6 0 2 5 4 10 20 1 7
11 2 243 7 1 2 5 4 11 20 1 7
12 2 244 8 2 2 5 4 12 20 1 7
13 2 245 9 3 2 5 4 13 20 1 7
14 2 246 N 4 2 5 4 14 20 1 7
15 2 254 11 0 3 5 4 15 20 1 8
16 2 255 12 1 3 5 4 16 20 1 8
17 2 256 13 2 3 5 4 17 20 1 8
18 2 257 14 3 3 5 4 18 20 1 8
19 2 258 N 4 3 5 4 19 20 1 8
0 2 386 N 0 0 5 4 0 20 2 5
1 2 387 N 1 0 5 4 1 20 2 5
2 2 388 N 2 0 5 4 2 20 2 5
3 2 389 N 3 0 5 4 3 20 2 5
4 2 390 N 4 0 5 4 4 20 2 5
5 2 398 1 0 1 5 4 5 20 2 6
6 2 399 2 1 1 5 4 6 20 2 6
7 2 400 3 2 1 5 4 7 20 2 6
8 2 401 4 3 1 5 4 8 20 2 6
9 2 402 N 4 1 5 4 9 20 2 6
10 2 410 6 0 2 5 4 10 20 2 7
11 2 411 7 1 2 5 4 11 20 2 7
12 2 412 8 2 2 5 4 12 20 2 7
13 2 413 9 3 2 5 4 13 20 2 7
14 2 414 N 4 2 5 4 14 20 2 7
15 2 422 11 0 3 5 4 15 20 2 8
16 2 423 12 1 3 5 4 16 20 2 8
17 2 424 13 2 3 5 4 17 20 2 8
18 2 425 14 3 3 5 4 18 20 2 8
19 2 426 N 4 3 5 4 19 20 2 8
0 2 386 N 0 0 5 4 0 20 2 5
1 2 387 N 1 0 5 4 1 20 2 5
2 2 388 N 2 0 5 4 2 20 2 5
3 2 389 N 3 0 5 4 3 20 2 5
4 2 390 N 4 0 5 4 4 20 2 5
5 2 398 1 0 1 5 4 5 20 2 6
6 2 399 2 1 1 5 4 6 20 2 6
7 2 400 3 2 1 5 4 7 20 2 6
8 2 401 4 3 1 5 4 8 20 2 6
9 2 402 N 4 1 5 4 9 20 2 6
10 2 410 6 0 2 5 4 10 20 2 7
11 2 411 7 1 2 5 4 11 20 2 7
12 2 412 8 2 2 5 4 12 20 2 7
13 2 413 9 3 2 5 4 13 20 2 7
14 2 414 N 4 2 5 4 14 20 2 7
15 2 422 11 0 3 5 4 15 20 2 8
16 2 423 12 1 3 5 4 16 20 2 8
17 2 424 13 2 3 5 4 17 20 2 8
18 2 425 14 3 3 5 4 18 20 2 8
19 2 426 N 4 3 5 4 19 20 2 8
0 2 218 N 0 0 5 4 0 20 1 5
1 2 219 N 1 0 5 4 1 20 1 5
2 2 220 N 2 0 5 4 2 20 1 5
3 2 221 N 3 0 5 4 3 20 1 5
4 2 222 N 4 0 5 4 4 20 1 5
5 2 230 1 0 1 5 4 5 20 1 6
6 2 231 2 1 1 5 4 6 20 1 6
7 2 232 3 2 1 5 4 7 20 1 6
8 2 233 4 3 1 5 4 8 20 1 6
9 2 234 N 4 1 5 4 9 20 1 6
10 2 242 6 0 2 5 4 10 20 1 7
11 2 243 7 1 2 5 4 11 20 1 7
12 2 244 8 2 2 5 4 12 20 1 7
13 2 245 9 3 2 5 4 13 20 1 7
14 2 246 N 4 2 5 4 14 20 1 7
15 2 254 11 0 3 5 4 15 20 1 8
16 2 255 12 1 3 5 4 16 20 1 8
17 2 256 13 2 3 5 4 17 20 1 8
18 2 257 14 3 3 5 4 18 20 1 8
19 2 258 N 4 3 5 4 19 20 1 8
0 2 218 N 0 0 5 4 0 20 1 5
1 2 219 N 1 0 5 4 1 20 1 5
2 2 220 N 2 0 5 4 2 20 1 5
3 2 221 N 3 0 5 4 3 20 1 5
4 2 222 N 4 0 5 4 4 20 1 5
5 2 230 1 0 1 5 4 5 20 1 6
6 2 231 2 1 1 5 4 6 20 1 6
7 2 232 3 2 1 5 4 7 20 1 6
8 2 233 4 3 1 5 4 8 20 1 6
9 2 234 N 4 1 5 4 9 20 1 6
10 2 242 6 0 2 5 4 10 20 1 7
11 2 243 7 1 2 5 4 11 20 1 7
12 2 244 8 2 2 5 4 12 20 1 7
13 2 245 9 3 2 5 4 13 20 1 7
14 2 246 N 4 2 5 4 14 20 1 7
15 2 254 11 0 3 5 4 15 20 1 8
16 2 255 12 1 3 5 4 16 20 1 8
17 2 256 13 2 3 5 4 17 20 1 8
18 2 257 14 3 3 5 4 18 20 1 8
19 2 258 N 4 3 5 4 19 20 1 8
0 2 386 N 0 0 5 4 0 20 2 5
1 2 387 N 1 0 5 4 1 20 2 5
2 2 388 N 2 0 5 4 2 20 2 5
3 2 389 N 3 0 5 4 3 20 2 5
4 2 390 N 4 0 5 4 4 20 2 5
5 2 398 1 0 1 5 4 5 20 2 6
6 2 399 2 1 1 5 4 6 20 2 6
7 2 400 3 2 1 5 4 7 20 2 6
8 2 401 4 3 1 5 4 8 20 2 6
9 2 402 N 4 1 5 4 9 20 2 6
10 2 410 6 0 2 5 4 10 20 2 7
11 2 411 7 1 2 5 4 11 20 2 7
12 2 412 8 2 2 5 4 12 20 2 7
13 2 413 9 3 2 5 4 13 20 2 7
14 2 414 N 4 2 5 4 14 20 2 7
15 2 422 11 0 3 5 4 15 20 2 8
16 2 423 12 1 3 5 4 16 20 2 8
17 2 424 13 2 3 5 4 17 20 2 8
18 2 425 14 3 3 5 4 18 20 2 8
19 2 426 N 4 3 5 4 19 20 2 8
0 2 386 N 0 0 5 4 0 20 2 5
1 2 387 N 1 0 5 4 1 20 2 5
2 2 388 N 2 0 5 4 2 20 2 5
3 2 389 N 3 0 5 4 3 20 2 5
4 2 390 N 4 0 5 4 4 20 2 5
5 2 398 1 0 1 5 4 5 20 2 6
6 2 399 2 1 1 5 4 6 20 2 6
7 2 400 3 2 1 5 4 7 20 2 6
8 2 401 4 3 1 5 4 8 20 2 6
9 2 402 N 4 1 5 4 9 20 2 6
10 2 410 6 0 2 5 4 10 20 2 7
11 2 411 7 1 2 5 4 11 20 2 7
12 2 412 8 2 2 5 4 12 20 2 7
13 2 413 9 3 2 5 4 13 20 2 7
14 2 414 N 4 2 5 4 14 20 2 7
15 2 422 11 0 3 5 4 15 20 2 8
16 2 423 12 1 3 5 4 16 20 2 8
17 2 424 13 2 3 5 4 17 20 2 8
18 2 425 14 3 3 5 4 18 20 2 8
19 2 426 N 4 3 5 4 19 20 2 8
0 3 223 N 0 0 5 4 0 20 1 5
1 3 224 N 1 0 5 4 1 20 1 5
2 3 225 N 2 0 5 4 2 20 1 5
3 3 226 N 3 0 5 4 3 20 1 5
4 3 227 N 4 0 5 4 4 20 1 5
5 3 235 1 0 1 5 4 5 20 1 6
6 3 236 2 1 1 5 4 6 20 1 6
7 3 237 3 2 1 5 4 7 20 1 6
8 3 238 4 3 1 5 4 8 20 1 6
9 3 239 N 4 1 5 4 9 20 1 6
10 3 247 6 0 2 5 4 10 20 1 7
11 3 248 7 1 2 5 4 11 20 1 7
12 3 249 8 2 2 5 4 12 20 1 7
13 3 250 9 3 2 5 4 13 20 1 7
14 3 251 N 4 2 5 4 14 20 1 7
15 3 259 11 0 3 5 4 15 20 1 8
16 3 260 12 1 3 5 4 16 20 1 8
17 3 261 13 2 3 5 4 17 20 1 8
18 3 262 14 3 3 5 4 18 20 1 8
19 3 263 N 4 3 5 4 19 20 1 8
0 3 223 N 0 0 5 4 0 20 1 5
1 3 224 N 1 0 5 4 1 20 1 5
2 3 225 N 2 0 5 4 2 20 1 5
3 3 226 N 3 0 5 4 3 20 1 5
4 3 227 N 4 0 5 4 4 20 1 5
5 3 235 1 0 1 5 4 5 20 1 6
6 3 236 2 1 1 5 4 6 20 1 6
7 3 237 3 2 1 5 4 7 20 1 6
8 3 238 4 3 1 5 4 8 20 1 6
9 3 239 N 4 1 5 4 9 20 1 6
10 3 247 6 0 2 5 4 10 20 1 7
11 3 248 7 1 2 5 4 11 20 1 7
12 3 249 8 2 2 5 4 12 20 1 7
13 3 250 9 3 2 5 4 13 20 1 7
14 3 251 N 4 2 5 4 14 20 1 7
15 3 259 11 0 3 5 4 15 20 1 8
16 3 260 12 1 3 5 4 16 20 1 8
17 3 261 13 2 3 5 4 17 20 1 8
18 3 262 14 3 3 5 4 18 20 1 8
19 3 263 N 4 3 5 4 19 20 1 8
0 3 391 N 0 0 5 4 0 20 2 5
1 3 392 N 1 0 5 4 1 20 2 5
2 3 393 N 2 0 5 4 2 20 2 5
3 3 394 N 3 0 5 4 3 20 2 5
4 3 395 N 4 0 5 4 4 20 2 5
5 3 403 1 0 1 5 4 5 20 2 6
6 3 404 2 1 1 5 4 6 20 2 6
7 3 405 3 2 1 5 4 7 20 2 6
8 3 406 4 3 1 5 4 8 20 2 6
9 3 407 N 4 1 5 4 9 20 2 6
10 3 415 6 0 2 5 4 10 20 2 7
11 3 416 7 1 2 5 4 11 20 2 7
12 3 417 8 2 2 5 4 12 20 2 7
13 3 418 9 3 2 5 4 13 20 2 7
14 3 419 N 4 2 5 4 14 20 2 7
15 3 427 11 0 3 5 4 15 20 2 8
16 3 428 12 1 3 5 4 16 20 2 8
17 3 429 13 2 3 5 4 17 20 2 8
18 3 430 14 3 3 5 4 18 20 2 8
19 3 431 N 4 3 5 4 19 20 2 8
0 3 391 N 0 0 5 4 0 20 2 5
1 3 392 N 1 0 5 4 1 20 2 5
2 3 393 N 2 0 5 4 2 20 2 5
3 3 394 N 3 0 5 4 3 20 2 5
4 3 395 N 4 0 5 4 4 20 2 5
5 3 403 1 0 1 5 4 5 20 2 6
6 3 404 2 1 1 5 4 6 20 2 6
7 3 405 3 2 1 5 4 7 20 2 6
8 3 406 4 3 1 5 4 8 20 2 6
9 3 407 N 4 1 5 4 9 20 2 6
10 3 415 6 0 2 5 4 10 20 2 7
11 3 416 7 1 2 5 4 11 20 2 7
12 3 417 8 2 2 5 4 12 20 2 7
13 3 418 9 3 2 5 4 13 20 2 7
14 3 419 N 4 2 5 4 14 20 2 7
15 3 427 11 0 3 5 4 15 20 2 8
16 3 428 12 1 3 5 4 16 20 2 8
17 3 429 13 2 3 5 4 17 20 2 8
18 3 430 14 3 3 5 4 18 20 2 8
19 3 431 N 4 3 5 4 19 20 2 8
0 3 223 N 0 0 5 4 0 20 1 5
1 3 224 N 1 0 5 4 1 20 1 5
2 3 225 N 2 0 5 4 2 20 1 5
3 3 226 N 3 0 5 4 3 20 1 5
4 3 227 N 4 0 5 4 4 20 1 5
5 3 235 1 0 1 5 4 5 20 1 6
6 3 236 2 1 1 5 4 6 20 1 6
7 3 237 3 2 1 5 4 7 20 1 6
8 3 238 4 3 1 5 4 8 20 1 6
9 3 239 N 4 1 5 4 9 20 1 6
10 3 247 6 0 2 5 4 10 20 1 7
11 3 248 7 1 2 5 4 11 20 1 7
12 3 249 8 2 2 5 4 12 20 1 7
13 3 250 9 3 2 5 4 13 20 1 7
14 3 251 N 4 2 5 4 14 20 1 7
15 3 259 11 0 3 5 4 15 20 1 8
16 3 260 12 1 3 5 4 16 20 1 8
17 3 261 13 2 3 5 4 17 20 1 8
18 3 262 14 3 3 5 4 18 20 1 8
19 3 263 N 4 3 5 4 19 20 1 8
0 3 223 N 0 0 5 4 0 20 1 5
1 3 224 N 1 0 5 4 1 20 1 5
2 3 225 N 2 0 5 4 2 20 1 5
3 3 226 N 3 0 5 4 3 20 1 5
4 3 227 N 4 0 5 4 4 20 1 5
5 3 235 1 0 1 5 4 5 20 1 6
6 3 236 2 1 1 5 4 6 20 1 6
7 3 237 3 2 1 5 4 7 20 1 6
8 3 238 4 3 1 5 4 8 20 1 6
9 3 239 N 4 1 5 4 9 20 1 6
10 3 247 6 0 2 5 4 10 20 1 7
11 3 248 7 1 2 5 4 11 20 1 7
12 3 249 8 2 2 5 4 12 20 1 7
13 3 250 9 3 2 5 4 13 20 1 7
14 3 251 N 4 2 5 4 14 20 1 7
15 3 259 11 0 3 5 4 15 20 1 8
16 3 260 12 1 3 5 4 16 20 1 8
17 3 261 13 2 3 5 4 17 20 1 8
18 3 262 14 3 3 5 4 18 20 1 8
19 3 263 N 4 3 5 4 19 20 1 8
0 3 391 N 0 0 5 4 0 20 2 5
1 3 392 N 1 0 5 4 1 20 2 5
2 3 393 N 2 0 5 4 2 20 2 5
3 3 394 N 3 0 5 4 3 20 2 5
4 3 395 N 4 0 5 4 4 20 2 5
5 3 403 1 0 1 5 4 5 20 2 6
6 3 404 2 1 1 5 4 6 20 2 6
7 3 405 3 2 1 5 4 7 20 2 6
8 3 406 4 3 1 5 4 8 20 2 6
9 3 407 N 4 1 5 4 9 20 2 6
10 3 415 6 0 2 5 4 10 20 2 7
11 3 416 7 1 2 5 4 11 20 2 7
12 3 417 8 2 2 5 4 12 20 2 7
13 3 418 9 3 2 5 4 13 20 2 7
14 3 419 N 4 2 5 4 14 20 2 7
15 3 427 11 0 3 5 4 15 20 2 8
16 3 428 12 1 3 5 4 16 20 2 8
17 3 429 13 2 3 5 4 17 20 2 8
18 3 430 14 3 3 5 4 18 20 2 8
19 3 431 N 4 3 5 4 19 20 2 8
0 3 391 N 0 0 5 4 0 20 2 5
1 3 392 N 1 0 5 4 1 20 2 5
2 3 393 N 2 0 5 4 2 20 2 5
3 3 394 N 3 0 5 4 3 20 2 5
4 3 395 N 4 0 5 4 4 20 2 5
5 3 403 1 0 1 5 4 5 20 2 6
6 3 404 2 1 1 5 4 6 20 2 6
7 3 405 3 2 1 5 4 7 20 2 6
8 3 406 4 3 1 5 4 8 20 2 6
9 3 407 N 4 1 5 4 9 20 2 6
10 3 415 6 0 2 5 4 10 20 2 7
11 3 416 7 1 2 5 4 11 20 2 7
12 3 417 8 2 2 5 4 12 20 2 7
13 3 418 9 3 2 5 4 13 20 2 7
14 3 419 N 4 2 5 4 14 20 2 7
15 3 427 11 0 3 5 4 15 20 2 8
16 3 428 12 1 3 5 4 16 20 2 8
17 3 429 13 2 3 5 4 17 20 2 8
18 3 430 14 3 3 5 4 18 20 2 8
19 3 431 N 4 3 5 4 19 20 2 8
0 3 223 N 0 0 5 4 0 20 1 5
1 3 224 N 1 0 5 4 1 20 1 5
2 3 225 N 2 0 5 4 2 20 1 5
3 3 226 N 3 0 5 4 3 20 1 5
4 3 227 N 4 0 5 4 4 20 1 5
5 3 235 1 0 1 5 4 5 20 1 6
6 3 236 2 1 1 5 4 6 20 1 6
7 3 237 3 2 1 5 4 7 20 1 6
8 3 238 4 3 1 5 4 8 20 1 6
9 3 239 N 4 1 5 4 9 20 1 6
10 3 247 6 0 2 5 4 10 20 1 7
11 3 248 7 1 2 5 4 11 20 1 7
12 3 249 8 2 2 5 4 12 20 1 7
13 3 250 9 3 2 5 4 13 20 1 7
14 3 251 N 4 2 5 4 14 20 1 7
15 3 259 11 0 3 5 4 15 20 1 8
16 3 260 12 1 3 5 4 16 20 1 8
17 3 261 13 2 3 5 4 17 20 1 8
18 3 262 14 3 3 5 4 18 20 1 8
19 3 263 N 4 3 5 4 19 20 1 8
0 3 223 N 0 0 5 4 0 20 1 5
1 3 224 N 1 0 5 4 1 20 1 5
2 3 225 N 2 0 5 4 2 20 1 5
3 3 226 N 3 0 5 4 3 20 1 5
4 3 227 N 4 0 5 4 4 20 1 5
5 3 235 1 0 1 5 4 5 20 1 6
6 3 236 2 1 1 5 4 6 20 1 6
7 3 237 3 2 1 5 4 7 20 1 6
8 3 238 4 3 1 5 4 8 20 1 6
9 3 239 N 4 1 5 4 9 20 1 6
10 3 247 6 0 2 5 4 10 20 1 7
11 3 248 7 1 2 5 4 11 20 1 7
12 3 249 8 2 2 5 4 12 20 1 7
13 3 250 9 3 2 5 4 13 20 1 7
14 3 251 N 4 2 5 4 14 20 1 7
15 3 259 11 0 3 5 4 15 20 1 8
16 3 260 12 1 3 5 4 16 20 1 8
17 3 261 13 2 3 5 4 17 20 1 8
18 3 262 14 3 3 5 4 18 20 1 8
19 3 263 N 4 3 5 4 19 20 1 8
0 3 391 N 0 0 5 4 0 20 2 5
1 3 392 N 1 0 5 4 1 20 2 5
2 3 393 N 2 0 5 4 2 20 2 5
3 3 394 N 3 0 5 4 3 20 2 5
4 3 395 N 4 0 5 4 4 20 2 5
5 3 403 1 0 1 5 4 5 20 2 6
6 3 404 2 1 1 5 4 6 20 2 6
7 3 405 3 2 1 5 4 7 20 2 6
8 3 406 4 3 1 5 4 8 20 2 6
9 3 407 N 4 1 5 4 9 20 2 6
10 3 415 6 0 2 5 4 10 20 2 7
11 3 416 7 1 2 5 4 11 20 2 7
12 3 417 8 2 2 5 4 12 20 2 7
13 3 418 9 3 2 5 4 13 20 2 7
14 3 419 N 4 2 5 4 14 20 2 7
15 3 427 11 0 3 5 4 15 20 2 8
16 3 428 12 1 3 5 4 16 20 2 8
17 3 429 13 2 3 5 4 17 20 2 8
18 3 430 14 3 3 5 4 18 20 2 8
19 3 431 N 4 3 5 4 19 20 2 8
0 3 391 N 0 0 5 4 0 20 2 5
1 3 392 N 1 0 5 4 1 20 2 5
2 3 393 N 2 0 5 4 2 20 2 5
3 3 394 N 3 0 5 4 3 20 2 5
4 3 395 N 4 0 5 4 4 20 2 5
5 3 403 1 0 1 5 4 5 20 2 6
6 3 404 2 1 1 5 4 6 20 2 6
7 3 405 3 2 1 5 4 7 20 2 6
8 3 406 4 3 1 5 4 8 20 2 6
9 3 407 N 4 1 5 4 9 20 2 6
10 3 415 6 0 2 5 4 10 20 2 7
11 3 416 7 1 2 5 4 11 20 2 7
12 3 417 8 2 2 5 4 12 20 2 7
13 3 418 9 3 2 5 4 13 20 2 7
14 3 419 N 4 2 5 4 14 20 2 7
15 3 427 11 0 3 5 4 15 20 2 8
16 3 428 12 1 3 5 4 16 20 2 8
17 3 429 13 2 3 5 4 17 20 2 8
18 3 430 14 3 3 5 4 18 20 2 8
19 3 431 N 4 3 5 4 19 20 2 8
0 4 266 N 0 0 5 4 0 20 1 9
1 4 267 N 1 0 5 4 1 20 1 9
2 4 268 N 2 0 5 4 2 20 1 9
3 4 269 N 3 0 5 4 3 20 1 9
4 4 270 N 4 0 5 4 4 20 1 9
5 4 278 1 0 1 5 4 5 20 1 10
6 4 279 2 1 1 5 4 6 20 1 10
7 4 280 3 2 1 5 4 7 20 1 10
8 4 281 4 3 1 5 4 8 20 1 10
9 4 282 N 4 1 5 4 9 20 1 10
10 4 290 6 0 2 5 4 10 20 1 11
11 4 291 7 1 2 5 4 11 20 1 11
12 4 292 8 2 2 5 4 12 20 1 11
13 4 293 9 3 2 5 4 13 20 1 11
14 4 294 N 4 2 5 4 14 20 1 11
15 4 302 11 0 3 5 4 15 20 1 12
16 4 303 12 1 3 5 4 16 20 1 12
17 4 304 13 2 3 5 4 17 20 1 12
18 4 305 14 3 3 5 4 18 20 1 12
19 4 306 N 4 3 5 4 19 20 1 12
0 4 266 N 0 0 5 4 0 20 1 9
1 4 267 N 1 0 5 4 1 20 1 9
2 4 268 N 2 0 5 4 2 20 1 9
3 4 269 N 3 0 5 4 3 20 1 9
4 4 270 N 4 0 5 4 4 20 1 9
5 4 278 1 0 1 5 4 5 20 1 10
6 4 279 2 1 1 5 4 6 20 1 10
7 4 280 3 2 1 5 4 7 20 1 10
8 4 281 4 3 1 5 4 8 20 1 10
9 4 282 N 4 1 5 4 9 20 1 10
10 4 290 6 0 2 5 4 10 20 1 11
11 4 291 7 1 2 5 4 11 20 1 11
12 4 292 8 2 2 5 4 12 20 1 11
13 4 293 9 3 2 5 4 13 20 1 11
14 4 294 N 4 2 5 4 14 20 1 11
15 4 302 11 0 3 5 4 15 20 1 12
16 4 303 12 1 3 5 4 16 20 1 12
17 4 304 13 2 3 5 4 17 20 1 12
18 4 305 14 3 3 5 4 18 20 1 12
19 4 306 N 4 3 5 4 19 20 1 12
0 4 434 N 0 0 5 4 0 20 2 9
1 4 435 N 1 0 5 4 1 20 2 9
2 4 436 N 2 0 5 4 2 20 2 9
3 4 437 N 3 0 5 4 3 20 2 9
4 4 438 N 4 0 5 4 4 20 2 9
5 4 446 1 0 1 5 4 5 20 2 10
6 4 447 2 1 1 5 4 6 20 2 10
7 4 448 3 2 1 5 4 7 20 2 10
8 4 449 4 3 1 5 4 8 20 2 10
9 4 450 N 4 1 5 4 9 20 2 10
10 4 458 6 0 2 5 4 10 20 2 11
11 4 459 7 1 2 5 4 11 20 2 11
12 4 460 8 2 2 5 4 12 20 2 11
13 4 461 9 3 2 5 4 13 20 2 11
14 4 462 N 4 2 5 4 14 20 2 11
15 4 470 11 0 3 5 4 15 20 2 12
16 4 471 12 1 3 5 4 16 20 2 12
17 4 472 13 2 3 5 4 17 20 2 12
18 4 473 14 3 3 5 4 18 20 2 12
19 4 474 N 4 3 5 4 19 20 2 12
0 4 434 N 0 0 5 4 0 20 2 9
1 4 435 N 1 0 5 4 1 20 2 9
2 4 436 N 2 0 5 4 2 20 2 9
3 4 437 N 3 0 5 4 3 20 2 9
4 4 438 N 4 0 5 4 4 20 2 9
5 4 446 1 0 1 5 4 5 20 2 10
6 4 447 2 1 1 5 4 6 20 2 10
7 4 448 3 2 1 5 4 7 20 2 10
8 4 449 4 3 1 5 4 8 20 2 10
9 4 450 N 4 1 5 4 9 20 2 10
10 4 458 6 0 2 5 4 10 20 2 11
11 4 459 7 1 2 5 4 11 20 2 11
12 4 460 8 2 2 5 4 12 20 2 11
13 4 461 9 3 2 5 4 13 20 2 11
14 4 462 N 4 2 5 4 14 20 2 11
15 4 470 11 0 3 5 4 15 20 2 12
16 4 471 12 1 3 5 4 16 20 2 12
17 4 472 13 2 3 5 4 17 20 2 12
18 4 473 14 3 3 5 4 18 20 2 12
19 4 474 N 4 3 5 4 19 20 2 12
0 4 266 N 0 0 5 4 0 20 1 9
1 4 267 N 1 0 5 4 1 20 1 9
2 4 268 N 2 0 5 4 2 20 1 9
3 4 269 N 3 0 5 4 3 20 1 9
4 4 270 N 4 0 5 4 4 20 1 9
5 4 278 1 0 1 5 4 5 20 1 10
6 4 279 2 1 1 5 4 6 20 1 10
7 4 280 3 2 1 5 4 7 20 1 10
8 4 281 4 3 1 5 4 8 20 1 10
9 4 282 N 4 1 5 4 9 20 1 10
10 4 290 6 0 2 5 4 10 20 1 11
11 4 291 7 1 2 5 4 11 20 1 11
12 4 292 8 2 2 5 4 12 20 1 11
13 4 293 9 3 2 5 4 13 20 1 11
14 4 294 N 4 2 5 4 14 20 1 11
15 4 302 11 0 3 5 4 15 20 1 12
16 4 303 12 1 3 5 4 16 20 1 12
17 4 304 13 2 3 5 4 17 20 1 12
18 4 305 14 3 3 5 4 18 20 1 12
19 4 306 N 4 3 5 4 19 20 1 12
0 4 266 N 0 0 5 4 0 20 1 9
1 4 267 N 1 0 5 4 1 20 1 9
2 4 268 N 2 0 5 4 2 20 1 9
3 4 269 N 3 0 5 4 3 20 1 9
4 4 270 N 4 0 5 4 4 20 1 9
5 4 278 1 0 1 5 4 5 20 1 10
6 4 279 2 1 1 5 4 6 20 1 10
7 4 280 3 2 1 5 4 7 20 1 10
8 4 281 4 3 1 5 4 8 20 1 10
9 4 282 N 4 1 5 4 9 20 1 10
10 4 290 6 0 2 5 4 10 20 1 11
11 4 291 7 1 2 5 4 11 20 1 11
12 4 292 8 2 2 5 4 12 20 1 11
13 4 293 9 3 2 5 4 13 20 1 11
14 4 294 N 4 2 5 4 14 20 1 11
15 4 302 11 0 3 5 4 15 20 1 12
16 4 303 12 1 3 5 4 16 20 1 12
17 4 304 13 2 3 5 4 17 20 1 12
18 4 305 14 3 3 5 4 18 20 1 12
19 4 306 N 4 3 5 4 19 20 1 12
0 4 434 N 0 0 5 4 0 20 2 9
1 4 435 N 1 0 5 4 1 20 2 9
2 4 436 N 2 0 5 4 2 20 2 9
3 4 437 N 3 0 5 4 3 20 2 9
4 4 438 N 4 0 5 4 4 20 2 9
5 4 446 1 0 1 5 4 5 20 2 10
6 4 447 2 1 1 5 4 6 20 2 10
7 4 448 3 2 1 5 4 7 20 2 10
8 4 449 4 3 1 5 4 8 20 2 10
9 4 450 N 4 1 5 4 9 20 2 10
10 4 458 6 0 2 5 4 10 20 2 11
11 4 459 7 1 2 5 4 11 20 2 11
12 4 460 8 2 2 5 4 12 20 2 11
13 4 461 9 3 2 5 4 13 20 2 11
14 4 462 N 4 2 5 4 14 20 2 11
15 4 470 11 0 3 5 4 15 20 2 12
16 4 471 12 1 3 5 4 16 20 2 12
17 4 472 13 2 3 5 4 17 20 2 12
18 4 473 14 3 3 5 4 18 20 2 12
19 4 474 N 4 3 5 4 19 20 2 12
0 4 434 N 0 0 5 4 0 20 2 9
1 4 435 N 1 0 5 4 1 20 2 9
2 4 436 N 2 0 5 4 2 20 2 9
3 4 437 N 3 0 5 4 3 20 2 9
4 4 438 N 4 0 5 4 4 20 2 9
5 4 446 1 0 1 5 4 5 20 2 10
6 4 447 2 1 1 5 4 6 20 2 10
7 4 448 3 2 1 5 4 7 20 2 10
8 4 449 4 3 1 5 4 8 20 2 10
9 4 450 N 4 1 5 4 9 20 2 10
10 4 458 6 0 2 5 4 10 20 2 11
11 4 459 7 1 2 5 4 11 20 2 11
12 4 460 8 2 2 5 4 12 20 2 11
13 4 461 9 3 2 5 4 13 20 2 11
14 4 462 N 4 2 5 4 14 20 2 11
15 4 470 11 0 3 5 4 15 20 2 12
16 4 471 12 1 3 5 4 16 20 2 12
17 4 472 13 2 3 5 4 17 20 2 12
18 4 473 14 3 3 5 4 18 20 2 12
19 4 474 N 4 3 5 4 19 20 2 12
0 4 266 N 0 0 5 4 0 20 1 9
1 4 267 N 1 0 5 4 1 20 1 9
2 4 268 N 2 0 5 4 2 20 1 9
3 4 269 N 3 0 5 4 3 20 1 9
4 4 270 N 4 0 5 4 4 20 1 9
5 4 278 1 0 1 5 4 5 20 1 10
6 4 279 2 1 1 5 4 6 20 1 10
7 4 280 3 2 1 5 4 7 20 1 10
8 4 281 4 3 1 5 4 8 20 1 10
9 4 282 N 4 1 5 4 9 20 1 10
10 4 290 6 0 2 5 4 10 20 1 11
11 4 291 7 1 2 5 4 11 20 1 11
12 4 292 8 2 2 5 4 12 20 1 11
13 4 293 9 3 2 5 4 13 20 1 11
14 4 294 N 4 2 5 4 14 20 1 11
15 4 302 11 0 3 5 4 15 20 1 12
16 4 303 12 1 3 5 4 16 20 1 12
17 4 304 13 2 3 5 4 17 20 1 12
18 4 305 14 3 3 5 4 18 20 1 12
19 4 306 N 4 3 5 4 19 20 1 12
0 4 266 N 0 0 5 4 0 20 1 9
1 4 267 N 1 0 5 4 1 20 1 9
2 4 268 N 2 0 5 4 2 20 1 9
3 4 269 N 3 0 5 4 3 20 1 9
4 4 270 N 4 0 5 4 4 20 1 9
5 4 278 1 0 1 5 4 5 20 1 10
6 4 279 2 1 1 5 4 6 20 1 10
7 4 280 3 2 1 5 4 7 20 1 10
8 4 281 4 3 1 5 4 8 20 1 10
9 4 282 N 4 1 5 4 9 20 1 10
10 4 290 6 0 2 5 4 10 20 1 11
11 4 291 7 1 2 5 4 11 20 1 11
12 4 292 8 2 2 5 4 12 20 1 11
13 4 293 9 3 2 5 4 13 20 1 11
14 4 294 N 4 2 5 4 14 20 1 11
15 4 302 11 0 3 5 4 15 20 1 12
16 4 303 12 1 3 5 4 16 20 1 12
17 4 304 13 2 3 5 4 17 20 1 12
18 4 305 14 3 3 5 4 18 20 1 12
19 4 306 N 4 3 5 4 19 20 1 12
0 4 434 N 0 0 5 4 0 20 2 9
1 4 435 N 1 0 5 4 1 20 2 9
2 4 436 N 2 0 5 4 2 20 2 9
3 4 437 N 3 0 5 4 3 20 2 9
4 4 438 N 4 0 5 4 4 20 2 9
5 4 446 1 0 1 5 4 5 20 2 10
6 4 447 2 1 1 5 4 6 20 2 10
7 4 448 3 2 1 5 4 7 20 2 10
8 4 449 4 3 1 5 4 8 20 2 10
9 4 450 N 4 1 5 4 9 20 2 10
10 4 458 6 0 2 5 4 10 20 2 11
11 4 459 7 1 2 5 4 11 20 2 11
12 4 460 8 2 2 5 4 12 20 2 11
13 4 461 9 3 2 5 4 13 20 2 11
14 4 462 N 4 2 5 4 14 20 2 11
15 4 470 11 0 3 5 4 15 20 2 12
16 4 471 12 1 3 5 4 16 20 2 12
17 4 472 13 2 3 5 4 17 20 2 12
18 4 473 14 3 3 5 4 18 20 2 12
19 4 474 N 4 3 5 4 19 20 2 12
0 4 434 N 0 0 5 4 0 20 2 9
1 4 435 N 1 0 5 4 1 20 2 9
2 4 436 N 2 0 5 4 2 20 2 9
3 4 437 N 3 0 5 4 3 20 2 9
4 4 438 N 4 0 5 4 4 20 2 9
5 4 446 1 0 1 5 4 5 20 2 10
6 4 447 2 1 1 5 4 6 20 2 10
7 4 448 3 2 1 5 4 7 20 2 10
8 4 449 4 3 1 5 4 8 20 2 10
9 4 450 N 4 1 5 4 9 20 2 10
10 4 458 6 0 2 5 4 10 20 2 11
11 4 459 7 1 2 5 4 11 20 2 11
12 4 460 8 2 2 5 4 12 20 2 11
13 4 461 9 3 2 5 4 13 20 2 11
14 4 462 N 4 2 5 4 14 20 2 11
15 4 470 11 0 3 5 4 15 20 2 12
16 4 471 12 1 3 5 4 16 20 2 12
17 4 472 13 2 3 5 4 17 20 2 12
18 4 473 14 3 3 5 4 18 20 2 12
19 4 474 N 4 3 5 4 19 20 2 12
0 5 271 N 0 0 5 4 0 20 1 9
1 5 272 N 1 0 5 4 1 20 1 9
2 5 273 N 2 0 5 4 2 20 1 9
3 5 274 N 3 0 5 4 3 20 1 9
4 5 275 N 4 0 5 4 4 20 1 9
5 5 283 1 0 1 5 4 5 20 1 10
6 5 284 2 1 1 5 4 6 20 1 10
7 5 285 3 2 1 5 4 7 20 1 10
8 5 286 4 3 1 5 4 8 20 1 10
9 5 287 N 4 1 5 4 9 20 1 10
10 5 295 6 0 2 5 4 10 20 1 11
11 5 296 7 1 2 5 4 11 20 1 11
12 5 297 8 2 2 5 4 12 20 1 11
13 5 298 9 3 2 5 4 13 20 1 11
14 5 299 N 4 2 5 4 14 20 1 11
15 5 307 11 0 3 5 4 15 20 1 12
16 5 308 12 1 3 5 4 16 20 1 12
17 5 309 13 2 3 5 4 17 20 1 12
18 5 310 14 3 3 5 4 18 20 1 12
19 5 311 N 4 3 5 4 19 20 1 12
0 5 271 N 0 0 5 4 0 20 1 9
1 5 272 N 1 0 5 4 1 20 1 9
2 5 273 N 2 0 5 4 2 20 1 9
3 5 274 N 3 0 5 4 3 20 1 9
4 5 275 N 4 0 5 4 4 20 1 9
5 5 283 1 0 1 5 4 5 20 1 10
6 5 284 2 1 1 5 4 6 20 1 10
7 5 285 3 2 1 5 4 7 20 1 10
8 5 286 4 3 1 5 4 8 20 1 10
9 5 287 N 4 1 5 4 9 20 1 10
10 5 295 6 0 2 5 4 10 20 1 11
11 5 296 7 1 2 5 4 11 20 1 11
12 5 297 8 2 2 5 4 12 20 1 11
13 5 298 9 3 2 5 4 13 20 1 11
14 5 299 N 4 2 5 4 14 20 1 11
15 5 307 11 0 3 5 4 15 20 1 12
16 5 308 12 1 3 5 4 16 20 1 12
17 5 309 13 2 3 5 4 17 20 1 12
18 5 310 14 3 3 5 4 18 20 1 12
19 5 311 N 4 3 5 4 19 20 1 12
0 5 439 N 0 0 5 4 0 20 2 9
1 5 440 N 1 0 5 4 1 20 2 9
2 5 441 N 2 0 5 4 2 20 2 9
3 5 442 N 3 0 5 4 3 20 2 9
4 5 443 N 4 0 5 4 4 20 2 9
5 5 451 1 0 1 5 4 5 20 2 10
6 5 452 2 1 1 5 4 6 20 2 10
7 5 453 3 2 1 5 4 7 20 2 10
8 5 454 4 3 1 5 4 8 20 2 10
9 5 455 N 4 1 5 4 9 20 2 10
10 5 463 6 0 2 5 4 10 20 2 11
11 5 464 7 1 2 5 4 11 20 2 11
12 5 465 8 2 2 5 4 12 20 2 11
13 5 466 9 3 2 5 4 13 20 2 11
14 5 467 N 4 2 5 4 14 20 2 11
15 5 475 11 0 3 5 4 15 20 2 12
16 5 476 12 1 3 5 4 16 20 2 12
17 5 477 13 2 3 5 4 17 20 2 12
18 5 478 14 3 3 5 4 18 20 2 12
19 5 479 N 4 3 5 4 19 20 2 12
0 5 439 N 0 0 5 4 0 20 2 9
1 5 440 N 1 0 5 4 1 20 2 9
2 5 441 N 2 0 5 4 2 20 2 9
3 5 442 N 3 0 5 4 3 20 2 9
4 5 443 N 4 0 5 4 4 20 2 9
5 5 451 1 0 1 5 4 5 20 2 10
6 5 452 2 1 1 5 4 6 20 2 10
7 5 453 3 2 1 5 4 7 20 2 10
8 5 454 4 3 1 5 4 8 20 2 10
9 5 455 N 4 1 5 4 9 20 2 10
10 5 463 6 0 2 5 4 10 20 2 11
11 5 464 7 1 2 5 4 11 20 2 11
12 5 465 8 2 2 5 4 12 20 2 11
13 5 466 9 3 2 5 4 13 20 2 11
14 5 467 N 4 2 5 4 14 20 2 11
15 5 475 11 0 3 5 4 15 20 2 12
16 5 476 12 1 3 5 4 16 20 2 12
17 5 477 13 2 3 5 4 17 20 2 12
18 5 478 14 3 3 5 4 18 20 2 12
19 5 479 N 4 3 5 4 19 20 2 12
0 5 271 N 0 0 5 4 0 20 1 9
1 5 272 N 1 0 5 4 1 20 1 9
2 5 273 N 2 0 5 4 2 20 1 9
3 5 274 N 3 0 5 4 3 20 1 9
4 5 275 N 4 0 5 4 4 20 1 9
5 5 283 1 0 1 5 4 5 20 1 10
6 5 284 2 1 1 5 4 6 20 1 10
7 5 285 3 2 1 5 4 7 20 1 10
8 5 286 4 3 1 5 4 8 20 1 10
9 5 287 N 4 1 5 4 9 20 1 10
10 5 295 6 0 2 5 4 10 20 1 11
11 5 296 7 1 2 5 4 11 20 1 11
12 5 297 8 2 2 5 4 12 20 1 11
13 5 298 9 3 2 5 4 13 20 1 11
14 5 299 N 4 2 5 4 14 20 1 11
15 5 307 11 0 3 5 4 15 20 1 12
16 5 308 12 1 3 5 4 16 20 1 12
17 5 309 13 2 3 5 4 17 20 1 12
18 5 310 14 3 3 5 4 18 20 1 12
19 5 311 N 4 3 5 4 19 20 1 12
0 5 271 N 0 0 5 4 0 20 1 9
1 5 272 N 1 0 5 4 1 20 1 9
2 5 273 N 2 0 5 4 2 20 1 9
3 5 274 N 3 0 5 4 3 20 1 9
4 5 275 N 4 0 5 4 4 20 1 9
5 5 283 1 0 1 5 4 5 20 1 10
6 5 284 2 1 1 5 4 6 20 1 10
7 5 285 3 2 1 5 4 7 20 1 10
8 5 286 4 3 1 5 4 8 20 1 10
9 5 287 N 4 1 5 4 9 20 1 10
10 5 295 6 0 2 5 4 10 20 1 11
11 5 296 7 1 2 5 4 11 20 1 11
12 5 297 8 2 2 5 4 12 20 1 11
13 5 298 9 3 2 5 4 13 20 1 11
14 5 299 N 4 2 5 4 14 20 1 11
15 5 307 11 0 3 5 4 15 20 1 12
16 5 308 12 1 3 5 4 16 20 1 12
17 5 309 13 2 3 5 4 17 20 1 12
18 5 310 14 3 3 5 4 18 20 1 12
19 5 311 N 4 3 5 4 19 20 1 12
0 5 439 N 0 0 5 4 0 20 2 9
1 5 440 N 1 0 5 4 1 20 2 9
2 5 441 N 2 0 5 4 2 20 2 9
3 5 442 N 3 0 5 4 3 20 2 9
4 5 443 N 4 0 5 4 4 20 2 9
5 5 451 1 0 1 5 4 5 20 2 10
6 5 452 2 1 1 5 4 6 20 2 10
7 5 453 3 2 1 5 4 7 20 2 10
8 5 454 4 3 1 5 4 8 20 2 10
9 5 455 N 4 1 5 4 9 20 2 10
10 5 463 6 0 2 5 4 10 20 2 11
11 5 464 7 1 2 5 4 11 20 2 11
12 5 465 8 2 2 5 4 12 20 2 11
13 5 466 9 3 2 5 4 13 20 2 11
14 5 467 N 4 2 5 4 14 20 2 11
15 5 475 11 0 3 5 4 15 20 2 12
16 5 476 12 1 3 5 4 16 20 2 12
17 5 477 13 2 3 5 4 17 20 2 12
18 5 478 14 3 3 5 4 18 20 2 12
19 5 479 N 4 3 5 4 19 20 2 12
0 5 439 N 0 0 5 4 0 20 2 9
1 5 440 N 1 0 5 4 1 20 2 9
2 5 441 N 2 0 5 4 2 20 2 9
3 5 442 N 3 0 5 4 3 20 2 9
4 5 443 N 4 0 5 4 4 20 2 9
5 5 451 1 0 1 5 4 5 20 2 10
6 5 452 2 1 1 5 4 6 20 2 10
7 5 453 3 2 1 5 4 7 20 2 10
8 5 454 4 3 1 5 4 8 20 2 10
9 5 455 N 4 1 5 4 9 20 2 10
10 5 463 6 0 2 5 4 10 20 2 11
11 5 464 7 1 2 5 4 11 20 2 11
12 5 465 8 2 2 5 4 12 20 2 11
13 5 466 9 3 2 5 4 13 20 2 11
14 5 467 N 4 2 5 4 14 20 2 11
15 5 475 11 0 3 5 4 15 20 2 12
16 5 476 12 1 3 5 4 16 20 2 12
17 5 477 13 2 3 5 4 17 20 2 12
18 5 478 14 3 3 5 4 18 20 2 12
19 5 479 N 4 3 5 4 19 20 2 12
0 5 271 N 0 0 5 4 0 20 1 9
1 5 272 N 1 0 5 4 1 20 1 9
2 5 273 N 2 0 5 4 2 20 1 9
3 5 274 N 3 0 5 4 3 20 1 9
4 5 275 N 4 0 5 4 4 20 1 9
5 5 283 1 0 1 5 4 5 20 1 10
6 5 284 2 1 1 5 4 6 20 1 10
7 5 285 3 2 1 5 4 7 20 1 10
8 5 286 4 3 1 5 4 8 20 1 10
9 5 287 N 4 1 5 4 9 20 1 10
10 5 295 6 0 2 5 4 10 20 1 11
11 5 296 7 1 2 5 4 11 20 1 11
12 5 297 8 2 2 5 4 12 20 1 11
13 5 298 9 3 2 5 4 13 20 1 11
14 5 299 N 4 2 5 4 14 20 1 11
15 5 307 11 0 3 5 4 15 20 1 12
16 5 308 12 1 3 5 4 16 20 1 12
17 5 309 13 2 3 5 4 17 20 1 12
18 5 310 14 3 3 5 4 18 20 1 12
19 5 311 N 4 3 5 4 19 20 1 12
0 5 271 N 0 0 5 4 0 20 1 9
1 5 272 N 1 0 5 4 1 20 1 9
2 5 273 N 2 0 5 4 2 20 1 9
3 5 274 N 3 0 5 4 3 20 1 9
4 5 275 N 4 0 5 4 4 20 1 9
5 5 283 1 0 1 5 4 5 20 1 10
6 5 284 2 1 1 5 4 6 20 1 10
7 5 285 3 2 1 5 4 7 20 1 10
8 5 286 4 3 1 5 4 8 20 1 10
9 5 287 N 4 1 5 4 9 20 1 10
10 5 295 6 0 2 5 4 10 20 1 11
11 5 296 7 1 2 5 4 11 20 1 11
12 5 297 8 2 2 5 4 12 20 1 11
13 5 298 9 3 2 5 4 13 20 1 11
14 5 299 N 4 2 5 4 14 20 1 11
15 5 307 11 0 3 5 4 15 20 1 12
16 5 308 12 1 3 5 4 16 20 1 12
17 5 309 13 2 3 5 4 17 20 1 12
18 5 310 14 3 3 5 4 18 20 1 12
19 5 311 N 4 3 5 4 19 20 1 12
0 5 439 N 0 0 5 4 0 20 2 9
1 5 440 N 1 0 5 4 1 20 2 9
2 5 441 N 2 0 5 4 2 20 2 9
3 5 442 N 3 0 5 4 3 20 2 9
4 5 443 N 4 0 5 4 4 20 2 9
5 5 451 1 0 1 5 4 5 20 2 10
6 5 452 2 1 1 5 4 6 20 2 10
7 5 453 3 2 1 5 4 7 20 2 10
8 5 454 4 3 1 5 4 8 20 2 10
9 5 455 N 4 1 5 4 9 20 2 10
10 5 463 6 0 2 5 4 10 20 2 11
11 5 464 7 1 2 5 4 11 20 2 11
12 5 465 8 2 2 5 4 12 20 2 11
13 5 466 9 3 2 5 4 13 20 2 11
14 5 467 N 4 2 5 4 14 20 2 11
15 5 475 11 0 3 5 4 15 20 2 12
16 5 476 12 1 3 5 4 16 20 2 12
17 5 477 13 2 3 5 4 17 20 2 12
18 5 478 14 3 3 5 4 18 20 2 12
19 5 479 N 4 3 5 4 19 20 2 12
0 5 439 N 0 0 5 4 0 20 2 9
1 5 440 N 1 0 5 4 1 20 2 9
2 5 441 N 2 0 5 4 2 20 2 9
3 5 442 N 3 0 5 4 3 20 2 9
4 5 443 N 4 0 5 4 4 20 2 9
5 5 451 1 0 1 5 4 5 20 2 10
6 5 452 2 1 1 5 4 6 20 2 10
7 5 453 3 2 1 5 4 7 20 2 10
8 5 454 4 3 1 5 4 8 20 2 10
9 5 455 N 4 1 5 4 9 20 2 10
10 5 463 6 0 2 5 4 10 20 2 11
11 5 464 7 1 2 5 4 11 20 2 11
12 5 465 8 2 2 5 4 12 20 2 11
13 5 466 9 3 2 5 4 13 20 2 11
14 5 467 N 4 2 5 4 14 20 2 11
15 5 475 11 0 3 5 4 15 20 2 12
16 5 476 12 1 3 5 4 16 20 2 12
17 5 477 13 2 3 5 4 17 20 2 12
18 5 478 14 3 3 5 4 18 20 2 12
19 5 479 N 4 3 5 4 19 20 2 12
