0 0 122 5 0 0 4 4 0 16 1 1
1 0 123 6 1 0 4 4 1 16 1 1
2 0 124 7 2 0 4 4 2 16 1 1
3 0 125 N 3 0 4 4 3 16 1 1
4 0 132 9 0 1 4 4 4 16 1 2
5 0 133 10 1 1 4 4 5 16 1 2
6 0 134 11 2 1 4 4 6 16 1 2
7 0 135 N 3 1 4 4 7 16 1 2
8 0 142 13 0 2 4 4 8 16 1 3
9 0 143 14 1 2 4 4 9 16 1 3
10 0 144 15 2 2 4 4 10 16 1 3
11 0 145 N 3 2 4 4 11 16 1 3
12 0 152 N 0 3 4 4 12 16 1 4
13 0 153 N 1 3 4 4 13 16 1 4
14 0 154 N 2 3 4 4 14 16 1 4
15 0 155 N 3 3 4 4 15 16 1 4
0 0 122 5 0 0 4 4 0 16 1 1
1 0 123 6 1 0 4 4 1 16 1 1
2 0 124 7 2 0 4 4 2 16 1 1
3 0 125 N 3 0 4 4 3 16 1 1
4 0 132 9 0 1 4 4 4 16 1 2
5 0 133 10 1 1 4 4 5 16 1 2
6 0 134 11 2 1 4 4 6 16 1 2
7 0 135 N 3 1 4 4 7 16 1 2
8 0 142 13 0 2 4 4 8 16 1 3
9 0 143 14 1 2 4 4 9 16 1 3
10 0 144 15 2 2 4 4 10 16 1 3
11 0 145 N 3 2 4 4 11 16 1 3
12 0 152 N 0 3 4 4 12 16 1 4
13 0 153 N 1 3 4 4 13 16 1 4
14 0 154 N 2 3 4 4 14 16 1 4
15 0 155 N 3 3 4 4 15 16 1 4
0 0 122 5 0 0 4 4 0 16 1 1
1 0 123 6 1 0 4 4 1 16 1 1
2 0 124 7 2 0 4 4 2 16 1 1
3 0 125 N 3 0 4 4 3 16 1 1
4 0 132 9 0 1 4 4 4 16 1 2
5 0 133 10 1 1 4 4 5 16 1 2
6 0 134 11 2 1 4 4 6 16 1 2
7 0 135 N 3 1 4 4 7 16 1 2
8 0 142 13 0 2 4 4 8 16 1 3
9 0 143 14 1 2 4 4 9 16 1 3
10 0 144 15 2 2 4 4 10 16 1 3
11 0 145 N 3 2 4 4 11 16 1 3
12 0 152 N 0 3 4 4 12 16 1 4
13 0 153 N 1 3 4 4 13 16 1 4
14 0 154 N 2 3 4 4 14 16 1 4
15 0 155 N 3 3 4 4 15 16 1 4
0 0 122 5 0 0 4 4 0 16 1 1
1 0 123 6 1 0 4 4 1 16 1 1
2 0 124 7 2 0 4 4 2 16 1 1
3 0 125 N 3 0 4 4 3 16 1 1
4 0 132 9 0 1 4 4 4 16 1 2
5 0 133 10 1 1 4 4 5 16 1 2
6 0 134 11 2 1 4 4 6 16 1 2
7 0 135 N 3 1 4 4 7 16 1 2
8 0 142 13 0 2 4 4 8 16 1 3
9 0 143 14 1 2 4 4 9 16 1 3
10 0 144 15 2 2 4 4 10 16 1 3
11 0 145 N 3 2 4 4 11 16 1 3
12 0 152 N 0 3 4 4 12 16 1 4
13 0 153 N 1 3 4 4 13 16 1 4
14 0 154 N 2 3 4 4 14 16 1 4
15 0 155 N 3 3 4 4 15 16 1 4
0 0 122 5 0 0 4 4 0 16 1 1
1 0 123 6 1 0 4 4 1 16 1 1
2 0 124 7 2 0 4 4 2 16 1 1
3 0 125 N 3 0 4 4 3 16 1 1
4 0 132 9 0 1 4 4 4 16 1 2
5 0 133 10 1 1 4 4 5 16 1 2
6 0 134 11 2 1 4 4 6 16 1 2
7 0 135 N 3 1 4 4 7 16 1 2
8 0 142 13 0 2 4 4 8 16 1 3
9 0 143 14 1 2 4 4 9 16 1 3
10 0 144 15 2 2 4 4 10 16 1 3
11 0 145 N 3 2 4 4 11 16 1 3
12 0 152 N 0 3 4 4 12 16 1 4
13 0 153 N 1 3 4 4 13 16 1 4
14 0 154 N 2 3 4 4 14 16 1 4
15 0 155 N 3 3 4 4 15 16 1 4
0 0 122 5 0 0 4 4 0 16 1 1
1 0 123 6 1 0 4 4 1 16 1 1
2 0 124 7 2 0 4 4 2 16 1 1
3 0 125 N 3 0 4 4 3 16 1 1
4 0 132 9 0 1 4 4 4 16 1 2
5 0 133 10 1 1 4 4 5 16 1 2
6 0 134 11 2 1 4 4 6 16 1 2
7 0 135 N 3 1 4 4 7 16 1 2
8 0 142 13 0 2 4 4 8 16 1 3
9 0 143 14 1 2 4 4 9 16 1 3
10 0 144 15 2 2 4 4 10 16 1 3
11 0 145 N 3 2 4 4 11 16 1 3
12 0 152 N 0 3 4 4 12 16 1 4
13 0 153 N 1 3 4 4 13 16 1 4
14 0 154 N 2 3 4 4 14 16 1 4
15 0 155 N 3 3 4 4 15 16 1 4
0 1 126 5 0 0 4 4 0 16 1 1
1 1 127 6 1 0 4 4 1 16 1 1
2 1 128 7 2 0 4 4 2 16 1 1
3 1 129 N 3 0 4 4 3 16 1 1
4 1 136 9 0 1 4 4 4 16 1 2
5 1 137 10 1 1 4 4 5 16 1 2
6 1 138 11 2 1 4 4 6 16 1 2
7 1 139 N 3 1 4 4 7 16 1 2
8 1 146 13 0 2 4 4 8 16 1 3
9 1 147 14 1 2 4 4 9 16 1 3
10 1 148 15 2 2 4 4 10 16 1 3
11 1 149 N 3 2 4 4 11 16 1 3
12 1 156 N 0 3 4 4 12 16 1 4
13 1 157 N 1 3 4 4 13 16 1 4
14 1 158 N 2 3 4 4 14 16 1 4
15 1 159 N 3 3 4 4 15 16 1 4
0 1 126 5 0 0 4 4 0 16 1 1
1 1 127 6 1 0 4 4 1 16 1 1
2 1 128 7 2 0 4 4 2 16 1 1
3 1 129 N 3 0 4 4 3 16 1 1
4 1 136 9 0 1 4 4 4 16 1 2
5 1 137 10 1 1 4 4 5 16 1 2
6 1 138 11 2 1 4 4 6 16 1 2
7 1 139 N 3 1 4 4 7 16 1 2
8 1 146 13 0 2 4 4 8 16 1 3
9 1 147 14 1 2 4 4 9 16 1 3
10 1 148 15 2 2 4 4 10 16 1 3
11 1 149 N 3 2 4 4 11 16 1 3
12 1 156 N 0 3 4 4 12 16 1 4
13 1 157 N 1 3 4 4 13 16 1 4
14 1 158 N 2 3 4 4 14 16 1 4
15 1 159 N 3 3 4 4 15 16 1 4
0 1 126 5 0 0 4 4 0 16 1 1
1 1 127 6 1 0 4 4 1 16 1 1
2 1 128 7 2 0 4 4 2 16 1 1
3 1 129 N 3 0 4 4 3 16 1 1
4 1 136 9 0 1 4 4 4 16 1 2
5 1 137 10 1 1 4 4 5 16 1 2
6 1 138 11 2 1 4 4 6 16 1 2
7 1 139 N 3 1 4 4 7 16 1 2
8 1 146 13 0 2 4 4 8 16 1 3
9 1 147 14 1 2 4 4 9 16 1 3
10 1 148 15 2 2 4 4 10 16 1 3
11 1 149 N 3 2 4 4 11 16 1 3
12 1 156 N 0 3 4 4 12 16 1 4
13 1 157 N 1 3 4 4 13 16 1 4
14 1 158 N 2 3 4 4 14 16 1 4
15 1 159 N 3 3 4 4 15 16 1 4
0 1 126 5 0 0 4 4 0 16 1 1
1 1 127 6 1 0 4 4 1 16 1 1
2 1 128 7 2 0 4 4 2 16 1 1
3 1 129 N 3 0 4 4 3 16 1 1
4 1 136 9 0 1 4 4 4 16 1 2
5 1 137 10 1 1 4 4 5 16 1 2
6 1 138 11 2 1 4 4 6 16 1 2
7 1 139 N 3 1 4 4 7 16 1 2
8 1 146 13 0 2 4 4 8 16 1 3
9 1 147 14 1 2 4 4 9 16 1 3
10 1 148 15 2 2 4 4 10 16 1 3
11 1 149 N 3 2 4 4 11 16 1 3
12 1 156 N 0 3 4 4 12 16 1 4
13 1 157 N 1 3 4 4 13 16 1 4
14 1 158 N 2 3 4 4 14 16 1 4
15 1 159 N 3 3 4 4 15 16 1 4
0 1 126 5 0 0 4 4 0 16 1 1
1 1 127 6 1 0 4 4 1 16 1 1
2 1 128 7 2 0 4 4 2 16 1 1
3 1 129 N 3 0 4 4 3 16 1 1
4 1 136 9 0 1 4 4 4 16 1 2
5 1 137 10 1 1 4 4 5 16 1 2
6 1 138 11 2 1 4 4 6 16 1 2
7 1 139 N 3 1 4 4 7 16 1 2
8 1 146 13 0 2 4 4 8 16 1 3
9 1 147 14 1 2 4 4 9 16 1 3
10 1 148 15 2 2 4 4 10 16 1 3
11 1 149 N 3 2 4 4 11 16 1 3
12 1 156 N 0 3 4 4 12 16 1 4
13 1 157 N 1 3 4 4 13 16 1 4
14 1 158 N 2 3 4 4 14 16 1 4
15 1 159 N 3 3 4 4 15 16 1 4
0 1 126 5 0 0 4 4 0 16 1 1
1 1 127 6 1 0 4 4 1 16 1 1
2 1 128 7 2 0 4 4 2 16 1 1
3 1 129 N 3 0 4 4 3 16 1 1
4 1 136 9 0 1 4 4 4 16 1 2
5 1 137 10 1 1 4 4 5 16 1 2
6 1 138 11 2 1 4 4 6 16 1 2
7 1 139 N 3 1 4 4 7 16 1 2
8 1 146 13 0 2 4 4 8 16 1 3
9 1 147 14 1 2 4 4 9 16 1 3
10 1 148 15 2 2 4 4 10 16 1 3
11 1 149 N 3 2 4 4 11 16 1 3
12 1 156 N 0 3 4 4 12 16 1 4
13 1 157 N 1 3 4 4 13 16 1 4
14 1 158 N 2 3 4 4 14 16 1 4
15 1 159 N 3 3 4 4 15 16 1 4
0 2 162 5 0 0 4 4 0 16 1 5
1 2 163 6 1 0 4 4 1 16 1 5
2 2 164 7 2 0 4 4 2 16 1 5
3 2 165 N 3 0 4 4 3 16 1 5
4 2 172 9 0 1 4 4 4 16 1 6
5 2 173 10 1 1 4 4 5 16 1 6
6 2 174 11 2 1 4 4 6 16 1 6
7 2 175 N 3 1 4 4 7 16 1 6
8 2 182 13 0 2 4 4 8 16 1 7
9 2 183 14 1 2 4 4 9 16 1 7
10 2 184 15 2 2 4 4 10 16 1 7
11 2 185 N 3 2 4 4 11 16 1 7
12 2 192 N 0 3 4 4 12 16 1 8
13 2 193 N 1 3 4 4 13 16 1 8
14 2 194 N 2 3 4 4 14 16 1 8
15 2 195 N 3 3 4 4 15 16 1 8
0 2 162 5 0 0 4 4 0 16 1 5
1 2 163 6 1 0 4 4 1 16 1 5
2 2 164 7 2 0 4 4 2 16 1 5
3 2 165 N 3 0 4 4 3 16 1 5
4 2 172 9 0 1 4 4 4 16 1 6
5 2 173 10 1 1 4 4 5 16 1 6
6 2 174 11 2 1 4 4 6 16 1 6
7 2 175 N 3 1 4 4 7 16 1 6
8 2 182 13 0 2 4 4 8 16 1 7
9 2 183 14 1 2 4 4 9 16 1 7
10 2 184 15 2 2 4 4 10 16 1 7
11 2 185 N 3 2 4 4 11 16 1 7
12 2 192 N 0 3 4 4 12 16 1 8
13 2 193 N 1 3 4 4 13 16 1 8
14 2 194 N 2 3 4 4 14 16 1 8
15 2 195 N 3 3 4 4 15 16 1 8
0 2 162 5 0 0 4 4 0 16 1 5
1 2 163 6 1 0 4 4 1 16 1 5
2 2 164 7 2 0 4 4 2 16 1 5
3 2 165 N 3 0 4 4 3 16 1 5
4 2 172 9 0 1 4 4 4 16 1 6
5 2 173 10 1 1 4 4 5 16 1 6
6 2 174 11 2 1 4 4 6 16 1 6
7 2 175 N 3 1 4 4 7 16 1 6
8 2 182 13 0 2 4 4 8 16 1 7
9 2 183 14 1 2 4 4 9 16 1 7
10 2 184 15 2 2 4 4 10 16 1 7
11 2 185 N 3 2 4 4 11 16 1 7
12 2 192 N 0 3 4 4 12 16 1 8
13 2 193 N 1 3 4 4 13 16 1 8
14 2 194 N 2 3 4 4 14 16 1 8
15 2 195 N 3 3 4 4 15 16 1 8
0 2 162 5 0 0 4 4 0 16 1 5
1 2 163 6 1 0 4 4 1 16 1 5
2 2 164 7 2 0 4 4 2 16 1 5
3 2 165 N 3 0 4 4 3 16 1 5
4 2 172 9 0 1 4 4 4 16 1 6
5 2 173 10 1 1 4 4 5 16 1 6
6 2 174 11 2 1 4 4 6 16 1 6
7 2 175 N 3 1 4 4 7 16 1 6
8 2 182 13 0 2 4 4 8 16 1 7
9 2 183 14 1 2 4 4 9 16 1 7
10 2 184 15 2 2 4 4 10 16 1 7
11 2 185 N 3 2 4 4 11 16 1 7
12 2 192 N 0 3 4 4 12 16 1 8
13 2 193 N 1 3 4 4 13 16 1 8
14 2 194 N 2 3 4 4 14 16 1 8
15 2 195 N 3 3 4 4 15 16 1 8
0 2 162 5 0 0 4 4 0 16 1 5
1 2 163 6 1 0 4 4 1 16 1 5
2 2 164 7 2 0 4 4 2 16 1 5
3 2 165 N 3 0 4 4 3 16 1 5
4 2 172 9 0 1 4 4 4 16 1 6
5 2 173 10 1 1 4 4 5 16 1 6
6 2 174 11 2 1 4 4 6 16 1 6
7 2 175 N 3 1 4 4 7 16 1 6
8 2 182 13 0 2 4 4 8 16 1 7
9 2 183 14 1 2 4 4 9 16 1 7
10 2 184 15 2 2 4 4 10 16 1 7
11 2 185 N 3 2 4 4 11 16 1 7
12 2 192 N 0 3 4 4 12 16 1 8
13 2 193 N 1 3 4 4 13 16 1 8
14 2 194 N 2 3 4 4 14 16 1 8
15 2 195 N 3 3 4 4 15 16 1 8
0 2 162 5 0 0 4 4 0 16 1 5
1 2 163 6 1 0 4 4 1 16 1 5
2 2 164 7 2 0 4 4 2 16 1 5
3 2 165 N 3 0 4 4 3 16 1 5
4 2 172 9 0 1 4 4 4 16 1 6
5 2 173 10 1 1 4 4 5 16 1 6
6 2 174 11 2 1 4 4 6 16 1 6
7 2 175 N 3 1 4 4 7 16 1 6
8 2 182 13 0 2 4 4 8 16 1 7
9 2 183 14 1 2 4 4 9 16 1 7
10 2 184 15 2 2 4 4 10 16 1 7
11 2 185 N 3 2 4 4 11 16 1 7
12 2 192 N 0 3 4 4 12 16 1 8
13 2 193 N 1 3 4 4 13 16 1 8
14 2 194 N 2 3 4 4 14 16 1 8
15 2 195 N 3 3 4 4 15 16 1 8
0 3 166 5 0 0 4 4 0 16 1 5
1 3 167 6 1 0 4 4 1 16 1 5
2 3 168 7 2 0 4 4 2 16 1 5
3 3 169 N 3 0 4 4 3 16 1 5
4 3 176 9 0 1 4 4 4 16 1 6
5 3 177 10 1 1 4 4 5 16 1 6
6 3 178 11 2 1 4 4 6 16 1 6
7 3 179 N 3 1 4 4 7 16 1 6
8 3 186 13 0 2 4 4 8 16 1 7
9 3 187 14 1 2 4 4 9 16 1 7
10 3 188 15 2 2 4 4 10 16 1 7
11 3 189 N 3 2 4 4 11 16 1 7
12 3 196 N 0 3 4 4 12 16 1 8
13 3 197 N 1 3 4 4 13 16 1 8
14 3 198 N 2 3 4 4 14 16 1 8
15 3 199 N 3 3 4 4 15 16 1 8
0 3 166 5 0 0 4 4 0 16 1 5
1 3 167 6 1 0 4 4 1 16 1 5
2 3 168 7 2 0 4 4 2 16 1 5
3 3 169 N 3 0 4 4 3 16 1 5
4 3 176 9 0 1 4 4 4 16 1 6
5 3 177 10 1 1 4 4 5 16 1 6
6 3 178 11 2 1 4 4 6 16 1 6
7 3 179 N 3 1 4 4 7 16 1 6
8 3 186 13 0 2 4 4 8 16 1 7
9 3 187 14 1 2 4 4 9 16 1 7
10 3 188 15 2 2 4 4 10 16 1 7
11 3 189 N 3 2 4 4 11 16 1 7
12 3 196 N 0 3 4 4 12 16 1 8
13 3 197 N 1 3 4 4 13 16 1 8
14 3 198 N 2 3 4 4 14 16 1 8
15 3 199 N 3 3 4 4 15 16 1 8
0 3 166 5 0 0 4 4 0 16 1 5
1 3 167 6 1 0 4 4 1 16 1 5
2 3 168 7 2 0 4 4 2 16 1 5
3 3 169 N 3 0 4 4 3 16 1 5
4 3 176 9 0 1 4 4 4 16 1 6
5 3 177 10 1 1 4 4 5 16 1 6
6 3 178 11 2 1 4 4 6 16 1 6
7 3 179 N 3 1 4 4 7 16 1 6
8 3 186 13 0 2 4 4 8 16 1 7
9 3 187 14 1 2 4 4 9 16 1 7
10 3 188 15 2 2 4 4 10 16 1 7
11 3 189 N 3 2 4 4 11 16 1 7
12 3 196 N 0 3 4 4 12 16 1 8
13 3 197 N 1 3 4 4 13 16 1 8
14 3 198 N 2 3 4 4 14 16 1 8
15 3 199 N 3 3 4 4 15 16 1 8
0 3 166 5 0 0 4 4 0 16 1 5
1 3 167 6 1 0 4 4 1 16 1 5
2 3 168 7 2 0 4 4 2 16 1 5
3 3 169 N 3 0 4 4 3 16 1 5
4 3 176 9 0 1 4 4 4 16 1 6
5 3 177 10 1 1 4 4 5 16 1 6
6 3 178 11 2 1 4 4 6 16 1 6
7 3 179 N 3 1 4 4 7 16 1 6
8 3 186 13 0 2 4 4 8 16 1 7
9 3 187 14 1 2 4 4 9 16 1 7
10 3 188 15 2 2 4 4 10 16 1 7
11 3 189 N 3 2 4 4 11 16 1 7
12 3 196 N 0 3 4 4 12 16 1 8
13 3 197 N 1 3 4 4 13 16 1 8
14 3 198 N 2 3 4 4 14 16 1 8
15 3 199 N 3 3 4 4 15 16 1 8
0 3 166 5 0 0 4 4 0 16 1 5
1 3 167 6 1 0 4 4 1 16 1 5
2 3 168 7 2 0 4 4 2 16 1 5
3 3 169 N 3 0 4 4 3 16 1 5
4 3 176 9 0 1 4 4 4 16 1 6
5 3 177 10 1 1 4 4 5 16 1 6
6 3 178 11 2 1 4 4 6 16 1 6
7 3 179 N 3 1 4 4 7 16 1 6
8 3 186 13 0 2 4 4 8 16 1 7
9 3 187 14 1 2 4 4 9 16 1 7
10 3 188 15 2 2 4 4 10 16 1 7
11 3 189 N 3 2 4 4 11 16 1 7
12 3 196 N 0 3 4 4 12 16 1 8
13 3 197 N 1 3 4 4 13 16 1 8
14 3 198 N 2 3 4 4 14 16 1 8
15 3 199 N 3 3 4 4 15 16 1 8
0 3 166 5 0 0 4 4 0 16 1 5
1 3 167 6 1 0 4 4 1 16 1 5
2 3 168 7 2 0 4 4 2 16 1 5
3 3 169 N 3 0 4 4 3 16 1 5
4 3 176 9 0 1 4 4 4 16 1 6
5 3 177 10 1 1 4 4 5 16 1 6
6 3 178 11 2 1 4 4 6 16 1 6
7 3 179 N 3 1 4 4 7 16 1 6
8 3 186 13 0 2 4 4 8 16 1 7
9 3 187 14 1 2 4 4 9 16 1 7
10 3 188 15 2 2 4 4 10 16 1 7
11 3 189 N 3 2 4 4 11 16 1 7
12 3 196 N 0 3 4 4 12 16 1 8
13 3 197 N 1 3 4 4 13 16 1 8
14 3 198 N 2 3 4 4 14 16 1 8
15 3 199 N 3 3 4 4 15 16 1 8
