0 0 100 N 0 0 4 4 0 16 1 1
1 0 101 N 1 0 4 4 1 16 1 1
2 0 102 N 2 0 4 4 2 16 1 1
3 0 103 N 3 0 4 4 3 16 1 1
4 0 110 N 0 1 4 4 4 16 1 2
5 0 111 0 1 1 4 4 5 16 1 2
6 0 112 1 2 1 4 4 6 16 1 2
7 0 113 2 3 1 4 4 7 16 1 2
8 0 120 N 0 2 4 4 8 16 1 3
9 0 121 4 1 2 4 4 9 16 1 3
10 0 122 5 2 2 4 4 10 16 1 3
11 0 123 6 3 2 4 4 11 16 1 3
12 0 130 N 0 3 4 4 12 16 1 4
13 0 131 8 1 3 4 4 13 16 1 4
14 0 132 9 2 3 4 4 14 16 1 4
15 0 133 10 3 3 4 4 15 16 1 4
0 0 100 N 0 0 4 4 0 16 1 1
1 0 101 N 1 0 4 4 1 16 1 1
2 0 102 N 2 0 4 4 2 16 1 1
3 0 103 N 3 0 4 4 3 16 1 1
4 0 110 N 0 1 4 4 4 16 1 2
5 0 111 0 1 1 4 4 5 16 1 2
6 0 112 1 2 1 4 4 6 16 1 2
7 0 113 2 3 1 4 4 7 16 1 2
8 0 120 N 0 2 4 4 8 16 1 3
9 0 121 4 1 2 4 4 9 16 1 3
10 0 122 5 2 2 4 4 10 16 1 3
11 0 123 6 3 2 4 4 11 16 1 3
12 0 130 N 0 3 4 4 12 16 1 4
13 0 131 8 1 3 4 4 13 16 1 4
14 0 132 9 2 3 4 4 14 16 1 4
15 0 133 10 3 3 4 4 15 16 1 4
0 0 100 N 0 0 4 4 0 16 1 1
1 0 101 N 1 0 4 4 1 16 1 1
2 0 102 N 2 0 4 4 2 16 1 1
3 0 103 N 3 0 4 4 3 16 1 1
4 0 110 N 0 1 4 4 4 16 1 2
5 0 111 0 1 1 4 4 5 16 1 2
6 0 112 1 2 1 4 4 6 16 1 2
7 0 113 2 3 1 4 4 7 16 1 2
8 0 120 N 0 2 4 4 8 16 1 3
9 0 121 4 1 2 4 4 9 16 1 3
10 0 122 5 2 2 4 4 10 16 1 3
11 0 123 6 3 2 4 4 11 16 1 3
12 0 130 N 0 3 4 4 12 16 1 4
13 0 131 8 1 3 4 4 13 16 1 4
14 0 132 9 2 3 4 4 14 16 1 4
15 0 133 10 3 3 4 4 15 16 1 4
0 0 100 N 0 0 4 4 0 16 1 1
1 0 101 N 1 0 4 4 1 16 1 1
2 0 102 N 2 0 4 4 2 16 1 1
3 0 103 N 3 0 4 4 3 16 1 1
4 0 110 N 0 1 4 4 4 16 1 2
5 0 111 0 1 1 4 4 5 16 1 2
6 0 112 1 2 1 4 4 6 16 1 2
7 0 113 2 3 1 4 4 7 16 1 2
8 0 120 N 0 2 4 4 8 16 1 3
9 0 121 4 1 2 4 4 9 16 1 3
10 0 122 5 2 2 4 4 10 16 1 3
11 0 123 6 3 2 4 4 11 16 1 3
12 0 130 N 0 3 4 4 12 16 1 4
13 0 131 8 1 3 4 4 13 16 1 4
14 0 132 9 2 3 4 4 14 16 1 4
15 0 133 10 3 3 4 4 15 16 1 4
0 0 100 N 0 0 4 4 0 16 1 1
1 0 101 N 1 0 4 4 1 16 1 1
2 0 102 N 2 0 4 4 2 16 1 1
3 0 103 N 3 0 4 4 3 16 1 1
4 0 110 N 0 1 4 4 4 16 1 2
5 0 111 0 1 1 4 4 5 16 1 2
6 0 112 1 2 1 4 4 6 16 1 2
7 0 113 2 3 1 4 4 7 16 1 2
8 0 120 N 0 2 4 4 8 16 1 3
9 0 121 4 1 2 4 4 9 16 1 3
10 0 122 5 2 2 4 4 10 16 1 3
11 0 123 6 3 2 4 4 11 16 1 3
12 0 130 N 0 3 4 4 12 16 1 4
13 0 131 8 1 3 4 4 13 16 1 4
14 0 132 9 2 3 4 4 14 16 1 4
15 0 133 10 3 3 4 4 15 16 1 4
0 0 100 N 0 0 4 4 0 16 1 1
1 0 101 N 1 0 4 4 1 16 1 1
2 0 102 N 2 0 4 4 2 16 1 1
3 0 103 N 3 0 4 4 3 16 1 1
4 0 110 N 0 1 4 4 4 16 1 2
5 0 111 0 1 1 4 4 5 16 1 2
6 0 112 1 2 1 4 4 6 16 1 2
7 0 113 2 3 1 4 4 7 16 1 2
8 0 120 N 0 2 4 4 8 16 1 3
9 0 121 4 1 2 4 4 9 16 1 3
10 0 122 5 2 2 4 4 10 16 1 3
11 0 123 6 3 2 4 4 11 16 1 3
12 0 130 N 0 3 4 4 12 16 1 4
13 0 131 8 1 3 4 4 13 16 1 4
14 0 132 9 2 3 4 4 14 16 1 4
15 0 133 10 3 3 4 4 15 16 1 4
0 1 104 N 0 0 4 4 0 16 1 1
1 1 105 N 1 0 4 4 1 16 1 1
2 1 106 N 2 0 4 4 2 16 1 1
3 1 107 N 3 0 4 4 3 16 1 1
4 1 114 N 0 1 4 4 4 16 1 2
5 1 115 0 1 1 4 4 5 16 1 2
6 1 116 1 2 1 4 4 6 16 1 2
7 1 117 2 3 1 4 4 7 16 1 2
8 1 124 N 0 2 4 4 8 16 1 3
9 1 125 4 1 2 4 4 9 16 1 3
10 1 126 5 2 2 4 4 10 16 1 3
11 1 127 6 3 2 4 4 11 16 1 3
12 1 134 N 0 3 4 4 12 16 1 4
13 1 135 8 1 3 4 4 13 16 1 4
14 1 136 9 2 3 4 4 14 16 1 4
15 1 137 10 3 3 4 4 15 16 1 4
0 1 104 N 0 0 4 4 0 16 1 1
1 1 105 N 1 0 4 4 1 16 1 1
2 1 106 N 2 0 4 4 2 16 1 1
3 1 107 N 3 0 4 4 3 16 1 1
4 1 114 N 0 1 4 4 4 16 1 2
5 1 115 0 1 1 4 4 5 16 1 2
6 1 116 1 2 1 4 4 6 16 1 2
7 1 117 2 3 1 4 4 7 16 1 2
8 1 124 N 0 2 4 4 8 16 1 3
9 1 125 4 1 2 4 4 9 16 1 3
10 1 126 5 2 2 4 4 10 16 1 3
11 1 127 6 3 2 4 4 11 16 1 3
12 1 134 N 0 3 4 4 12 16 1 4
13 1 135 8 1 3 4 4 13 16 1 4
14 1 136 9 2 3 4 4 14 16 1 4
15 1 137 10 3 3 4 4 15 16 1 4
0 1 104 N 0 0 4 4 0 16 1 1
1 1 105 N 1 0 4 4 1 16 1 1
2 1 106 N 2 0 4 4 2 16 1 1
3 1 107 N 3 0 4 4 3 16 1 1
4 1 114 N 0 1 4 4 4 16 1 2
5 1 115 0 1 1 4 4 5 16 1 2
6 1 116 1 2 1 4 4 6 16 1 2
7 1 117 2 3 1 4 4 7 16 1 2
8 1 124 N 0 2 4 4 8 16 1 3
9 1 125 4 1 2 4 4 9 16 1 3
10 1 126 5 2 2 4 4 10 16 1 3
11 1 127 6 3 2 4 4 11 16 1 3
12 1 134 N 0 3 4 4 12 16 1 4
13 1 135 8 1 3 4 4 13 16 1 4
14 1 136 9 2 3 4 4 14 16 1 4
15 1 137 10 3 3 4 4 15 16 1 4
0 1 104 N 0 0 4 4 0 16 1 1
1 1 105 N 1 0 4 4 1 16 1 1
2 1 106 N 2 0 4 4 2 16 1 1
3 1 107 N 3 0 4 4 3 16 1 1
4 1 114 N 0 1 4 4 4 16 1 2
5 1 115 0 1 1 4 4 5 16 1 2
6 1 116 1 2 1 4 4 6 16 1 2
7 1 117 2 3 1 4 4 7 16 1 2
8 1 124 N 0 2 4 4 8 16 1 3
9 1 125 4 1 2 4 4 9 16 1 3
10 1 126 5 2 2 4 4 10 16 1 3
11 1 127 6 3 2 4 4 11 16 1 3
12 1 134 N 0 3 4 4 12 16 1 4
13 1 135 8 1 3 4 4 13 16 1 4
14 1 136 9 2 3 4 4 14 16 1 4
15 1 137 10 3 3 4 4 15 16 1 4
0 1 104 N 0 0 4 4 0 16 1 1
1 1 105 N 1 0 4 4 1 16 1 1
2 1 106 N 2 0 4 4 2 16 1 1
3 1 107 N 3 0 4 4 3 16 1 1
4 1 114 N 0 1 4 4 4 16 1 2
5 1 115 0 1 1 4 4 5 16 1 2
6 1 116 1 2 1 4 4 6 16 1 2
7 1 117 2 3 1 4 4 7 16 1 2
8 1 124 N 0 2 4 4 8 16 1 3
9 1 125 4 1 2 4 4 9 16 1 3
10 1 126 5 2 2 4 4 10 16 1 3
11 1 127 6 3 2 4 4 11 16 1 3
12 1 134 N 0 3 4 4 12 16 1 4
13 1 135 8 1 3 4 4 13 16 1 4
14 1 136 9 2 3 4 4 14 16 1 4
15 1 137 10 3 3 4 4 15 16 1 4
0 1 104 N 0 0 4 4 0 16 1 1
1 1 105 N 1 0 4 4 1 16 1 1
2 1 106 N 2 0 4 4 2 16 1 1
3 1 107 N 3 0 4 4 3 16 1 1
4 1 114 N 0 1 4 4 4 16 1 2
5 1 115 0 1 1 4 4 5 16 1 2
6 1 116 1 2 1 4 4 6 16 1 2
7 1 117 2 3 1 4 4 7 16 1 2
8 1 124 N 0 2 4 4 8 16 1 3
9 1 125 4 1 2 4 4 9 16 1 3
10 1 126 5 2 2 4 4 10 16 1 3
11 1 127 6 3 2 4 4 11 16 1 3
12 1 134 N 0 3 4 4 12 16 1 4
13 1 135 8 1 3 4 4 13 16 1 4
14 1 136 9 2 3 4 4 14 16 1 4
15 1 137 10 3 3 4 4 15 16 1 4
0 2 140 N 0 0 4 4 0 16 1 5
1 2 141 N 1 0 4 4 1 16 1 5
2 2 142 N 2 0 4 4 2 16 1 5
3 2 143 N 3 0 4 4 3 16 1 5
4 2 150 N 0 1 4 4 4 16 1 6
5 2 151 0 1 1 4 4 5 16 1 6
6 2 152 1 2 1 4 4 6 16 1 6
7 2 153 2 3 1 4 4 7 16 1 6
8 2 160 N 0 2 4 4 8 16 1 7
9 2 161 4 1 2 4 4 9 16 1 7
10 2 162 5 2 2 4 4 10 16 1 7
11 2 163 6 3 2 4 4 11 16 1 7
12 2 170 N 0 3 4 4 12 16 1 8
13 2 171 8 1 3 4 4 13 16 1 8
14 2 172 9 2 3 4 4 14 16 1 8
15 2 173 10 3 3 4 4 15 16 1 8
0 2 140 N 0 0 4 4 0 16 1 5
1 2 141 N 1 0 4 4 1 16 1 5
2 2 142 N 2 0 4 4 2 16 1 5
3 2 143 N 3 0 4 4 3 16 1 5
4 2 150 N 0 1 4 4 4 16 1 6
5 2 151 0 1 1 4 4 5 16 1 6
6 2 152 1 2 1 4 4 6 16 1 6
7 2 153 2 3 1 4 4 7 16 1 6
8 2 160 N 0 2 4 4 8 16 1 7
9 2 161 4 1 2 4 4 9 16 1 7
10 2 162 5 2 2 4 4 10 16 1 7
11 2 163 6 3 2 4 4 11 16 1 7
12 2 170 N 0 3 4 4 12 16 1 8
13 2 171 8 1 3 4 4 13 16 1 8
14 2 172 9 2 3 4 4 14 16 1 8
15 2 173 10 3 3 4 4 15 16 1 8
0 2 140 N 0 0 4 4 0 16 1 5
1 2 141 N 1 0 4 4 1 16 1 5
2 2 142 N 2 0 4 4 2 16 1 5
3 2 143 N 3 0 4 4 3 16 1 5
4 2 150 N 0 1 4 4 4 16 1 6
5 2 151 0 1 1 4 4 5 16 1 6
6 2 152 1 2 1 4 4 6 16 1 6
7 2 153 2 3 1 4 4 7 16 1 6
8 2 160 N 0 2 4 4 8 16 1 7
9 2 161 4 1 2 4 4 9 16 1 7
10 2 162 5 2 2 4 4 10 16 1 7
11 2 163 6 3 2 4 4 11 16 1 7
12 2 170 N 0 3 4 4 12 16 1 8
13 2 171 8 1 3 4 4 13 16 1 8
14 2 172 9 2 3 4 4 14 16 1 8
15 2 173 10 3 3 4 4 15 16 1 8
0 2 140 N 0 0 4 4 0 16 1 5
1 2 141 N 1 0 4 4 1 16 1 5
2 2 142 N 2 0 4 4 2 16 1 5
3 2 143 N 3 0 4 4 3 16 1 5
4 2 150 N 0 1 4 4 4 16 1 6
5 2 151 0 1 1 4 4 5 16 1 6
6 2 152 1 2 1 4 4 6 16 1 6
7 2 153 2 3 1 4 4 7 16 1 6
8 2 160 N 0 2 4 4 8 16 1 7
9 2 161 4 1 2 4 4 9 16 1 7
10 2 162 5 2 2 4 4 10 16 1 7
11 2 163 6 3 2 4 4 11 16 1 7
12 2 170 N 0 3 4 4 12 16 1 8
13 2 171 8 1 3 4 4 13 16 1 8
14 2 172 9 2 3 4 4 14 16 1 8
15 2 173 10 3 3 4 4 15 16 1 8
0 2 140 N 0 0 4 4 0 16 1 5
1 2 141 N 1 0 4 4 1 16 1 5
2 2 142 N 2 0 4 4 2 16 1 5
3 2 143 N 3 0 4 4 3 16 1 5
4 2 150 N 0 1 4 4 4 16 1 6
5 2 151 0 1 1 4 4 5 16 1 6
6 2 152 1 2 1 4 4 6 16 1 6
7 2 153 2 3 1 4 4 7 16 1 6
8 2 160 N 0 2 4 4 8 16 1 7
9 2 161 4 1 2 4 4 9 16 1 7
10 2 162 5 2 2 4 4 10 16 1 7
11 2 163 6 3 2 4 4 11 16 1 7
12 2 170 N 0 3 4 4 12 16 1 8
13 2 171 8 1 3 4 4 13 16 1 8
14 2 172 9 2 3 4 4 14 16 1 8
15 2 173 10 3 3 4 4 15 16 1 8
0 2 140 N 0 0 4 4 0 16 1 5
1 2 141 N 1 0 4 4 1 16 1 5
2 2 142 N 2 0 4 4 2 16 1 5
3 2 143 N 3 0 4 4 3 16 1 5
4 2 150 N 0 1 4 4 4 16 1 6
5 2 151 0 1 1 4 4 5 16 1 6
6 2 152 1 2 1 4 4 6 16 1 6
7 2 153 2 3 1 4 4 7 16 1 6
8 2 160 N 0 2 4 4 8 16 1 7
9 2 161 4 1 2 4 4 9 16 1 7
10 2 162 5 2 2 4 4 10 16 1 7
11 2 163 6 3 2 4 4 11 16 1 7
12 2 170 N 0 3 4 4 12 16 1 8
13 2 171 8 1 3 4 4 13 16 1 8
14 2 172 9 2 3 4 4 14 16 1 8
15 2 173 10 3 3 4 4 15 16 1 8
0 3 144 N 0 0 4 4 0 16 1 5
1 3 145 N 1 0 4 4 1 16 1 5
2 3 146 N 2 0 4 4 2 16 1 5
3 3 147 N 3 0 4 4 3 16 1 5
4 3 154 N 0 1 4 4 4 16 1 6
5 3 155 0 1 1 4 4 5 16 1 6
6 3 156 1 2 1 4 4 6 16 1 6
7 3 157 2 3 1 4 4 7 16 1 6
8 3 164 N 0 2 4 4 8 16 1 7
9 3 165 4 1 2 4 4 9 16 1 7
10 3 166 5 2 2 4 4 10 16 1 7
11 3 167 6 3 2 4 4 11 16 1 7
12 3 174 N 0 3 4 4 12 16 1 8
13 3 175 8 1 3 4 4 13 16 1 8
14 3 176 9 2 3 4 4 14 16 1 8
15 3 177 10 3 3 4 4 15 16 1 8
0 3 144 N 0 0 4 4 0 16 1 5
1 3 145 N 1 0 4 4 1 16 1 5
2 3 146 N 2 0 4 4 2 16 1 5
3 3 147 N 3 0 4 4 3 16 1 5
4 3 154 N 0 1 4 4 4 16 1 6
5 3 155 0 1 1 4 4 5 16 1 6
6 3 156 1 2 1 4 4 6 16 1 6
7 3 157 2 3 1 4 4 7 16 1 6
8 3 164 N 0 2 4 4 8 16 1 7
9 3 165 4 1 2 4 4 9 16 1 7
10 3 166 5 2 2 4 4 10 16 1 7
11 3 167 6 3 2 4 4 11 16 1 7
12 3 174 N 0 3 4 4 12 16 1 8
13 3 175 8 1 3 4 4 13 16 1 8
14 3 176 9 2 3 4 4 14 16 1 8
15 3 177 10 3 3 4 4 15 16 1 8
0 3 144 N 0 0 4 4 0 16 1 5
1 3 145 N 1 0 4 4 1 16 1 5
2 3 146 N 2 0 4 4 2 16 1 5
3 3 147 N 3 0 4 4 3 16 1 5
4 3 154 N 0 1 4 4 4 16 1 6
5 3 155 0 1 1 4 4 5 16 1 6
6 3 156 1 2 1 4 4 6 16 1 6
7 3 157 2 3 1 4 4 7 16 1 6
8 3 164 N 0 2 4 4 8 16 1 7
9 3 165 4 1 2 4 4 9 16 1 7
10 3 166 5 2 2 4 4 10 16 1 7
11 3 167 6 3 2 4 4 11 16 1 7
12 3 174 N 0 3 4 4 12 16 1 8
13 3 175 8 1 3 4 4 13 16 1 8
14 3 176 9 2 3 4 4 14 16 1 8
15 3 177 10 3 3 4 4 15 16 1 8
0 3 144 N 0 0 4 4 0 16 1 5
1 3 145 N 1 0 4 4 1 16 1 5
2 3 146 N 2 0 4 4 2 16 1 5
3 3 147 N 3 0 4 4 3 16 1 5
4 3 154 N 0 1 4 4 4 16 1 6
5 3 155 0 1 1 4 4 5 16 1 6
6 3 156 1 2 1 4 4 6 16 1 6
7 3 157 2 3 1 4 4 7 16 1 6
8 3 164 N 0 2 4 4 8 16 1 7
9 3 165 4 1 2 4 4 9 16 1 7
10 3 166 5 2 2 4 4 10 16 1 7
11 3 167 6 3 2 4 4 11 16 1 7
12 3 174 N 0 3 4 4 12 16 1 8
13 3 175 8 1 3 4 4 13 16 1 8
14 3 176 9 2 3 4 4 14 16 1 8
15 3 177 10 3 3 4 4 15 16 1 8
0 3 144 N 0 0 4 4 0 16 1 5
1 3 145 N 1 0 4 4 1 16 1 5
2 3 146 N 2 0 4 4 2 16 1 5
3 3 147 N 3 0 4 4 3 16 1 5
4 3 154 N 0 1 4 4 4 16 1 6
5 3 155 0 1 1 4 4 5 16 1 6
6 3 156 1 2 1 4 4 6 16 1 6
7 3 157 2 3 1 4 4 7 16 1 6
8 3 164 N 0 2 4 4 8 16 1 7
9 3 165 4 1 2 4 4 9 16 1 7
10 3 166 5 2 2 4 4 10 16 1 7
11 3 167 6 3 2 4 4 11 16 1 7
12 3 174 N 0 3 4 4 12 16 1 8
13 3 175 8 1 3 4 4 13 16 1 8
14 3 176 9 2 3 4 4 14 16 1 8
15 3 177 10 3 3 4 4 15 16 1 8
0 3 144 N 0 0 4 4 0 16 1 5
1 3 145 N 1 0 4 4 1 16 1 5
2 3 146 N 2 0 4 4 2 16 1 5
3 3 147 N 3 0 4 4 3 16 1 5
4 3 154 N 0 1 4 4 4 16 1 6
5 3 155 0 1 1 4 4 5 16 1 6
6 3 156 1 2 1 4 4 6 16 1 6
7 3 157 2 3 1 4 4 7 16 1 6
8 3 164 N 0 2 4 4 8 16 1 7
9 3 165 4 1 2 4 4 9 16 1 7
10 3 166 5 2 2 4 4 10 16 1 7
11 3 167 6 3 2 4 4 11 16 1 7
12 3 174 N 0 3 4 4 12 16 1 8
13 3 175 8 1 3 4 4 13 16 1 8
14 3 176 9 2 3 4 4 14 16 1 8
15 3 177 10 3 3 4 4 15 16 1 8
