0 0 102 N 0 0 4 4 0 16 1 1
1 0 103 N 1 0 4 4 1 16 1 1
2 0 104 N 2 0 4 4 2 16 1 1
3 0 105 N 3 0 4 4 3 16 1 1
4 0 112 1 0 1 4 4 4 16 1 2
5 0 113 2 1 1 4 4 5 16 1 2
6 0 114 3 2 1 4 4 6 16 1 2
7 0 115 N 3 1 4 4 7 16 1 2
8 0 122 5 0 2 4 4 8 16 1 3
9 0 123 6 1 2 4 4 9 16 1 3
10 0 124 7 2 2 4 4 10 16 1 3
11 0 125 N 3 2 4 4 11 16 1 3
12 0 132 9 0 3 4 4 12 16 1 4
13 0 133 10 1 3 4 4 13 16 1 4
14 0 134 11 2 3 4 4 14 16 1 4
15 0 135 N 3 3 4 4 15 16 1 4
0 0 102 N 0 0 4 4 0 16 1 1
1 0 103 N 1 0 4 4 1 16 1 1
2 0 104 N 2 0 4 4 2 16 1 1
3 0 105 N 3 0 4 4 3 16 1 1
4 0 112 1 0 1 4 4 4 16 1 2
5 0 113 2 1 1 4 4 5 16 1 2
6 0 114 3 2 1 4 4 6 16 1 2
7 0 115 N 3 1 4 4 7 16 1 2
8 0 122 5 0 2 4 4 8 16 1 3
9 0 123 6 1 2 4 4 9 16 1 3
10 0 124 7 2 2 4 4 10 16 1 3
11 0 125 N 3 2 4 4 11 16 1 3
12 0 132 9 0 3 4 4 12 16 1 4
13 0 133 10 1 3 4 4 13 16 1 4
14 0 134 11 2 3 4 4 14 16 1 4
15 0 135 N 3 3 4 4 15 16 1 4
0 0 102 N 0 0 4 4 0 16 1 1
1 0 103 N 1 0 4 4 1 16 1 1
2 0 104 N 2 0 4 4 2 16 1 1
3 0 105 N 3 0 4 4 3 16 1 1
4 0 112 1 0 1 4 4 4 16 1 2
5 0 113 2 1 1 4 4 5 16 1 2
6 0 114 3 2 1 4 4 6 16 1 2
7 0 115 N 3 1 4 4 7 16 1 2
8 0 122 5 0 2 4 4 8 16 1 3
9 0 123 6 1 2 4 4 9 16 1 3
10 0 124 7 2 2 4 4 10 16 1 3
11 0 125 N 3 2 4 4 11 16 1 3
12 0 132 9 0 3 4 4 12 16 1 4
13 0 133 10 1 3 4 4 13 16 1 4
14 0 134 11 2 3 4 4 14 16 1 4
15 0 135 N 3 3 4 4 15 16 1 4
0 0 102 N 0 0 4 4 0 16 1 1
1 0 103 N 1 0 4 4 1 16 1 1
2 0 104 N 2 0 4 4 2 16 1 1
3 0 105 N 3 0 4 4 3 16 1 1
4 0 112 1 0 1 4 4 4 16 1 2
5 0 113 2 1 1 4 4 5 16 1 2
6 0 114 3 2 1 4 4 6 16 1 2
7 0 115 N 3 1 4 4 7 16 1 2
8 0 122 5 0 2 4 4 8 16 1 3
9 0 123 6 1 2 4 4 9 16 1 3
10 0 124 7 2 2 4 4 10 16 1 3
11 0 125 N 3 2 4 4 11 16 1 3
12 0 132 9 0 3 4 4 12 16 1 4
13 0 133 10 1 3 4 4 13 16 1 4
14 0 134 11 2 3 4 4 14 16 1 4
15 0 135 N 3 3 4 4 15 16 1 4
0 0 102 N 0 0 4 4 0 16 1 1
1 0 103 N 1 0 4 4 1 16 1 1
2 0 104 N 2 0 4 4 2 16 1 1
3 0 105 N 3 0 4 4 3 16 1 1
4 0 112 1 0 1 4 4 4 16 1 2
5 0 113 2 1 1 4 4 5 16 1 2
6 0 114 3 2 1 4 4 6 16 1 2
7 0 115 N 3 1 4 4 7 16 1 2
8 0 122 5 0 2 4 4 8 16 1 3
9 0 123 6 1 2 4 4 9 16 1 3
10 0 124 7 2 2 4 4 10 16 1 3
11 0 125 N 3 2 4 4 11 16 1 3
12 0 132 9 0 3 4 4 12 16 1 4
13 0 133 10 1 3 4 4 13 16 1 4
14 0 134 11 2 3 4 4 14 16 1 4
15 0 135 N 3 3 4 4 15 16 1 4
0 0 102 N 0 0 4 4 0 16 1 1
1 0 103 N 1 0 4 4 1 16 1 1
2 0 104 N 2 0 4 4 2 16 1 1
3 0 105 N 3 0 4 4 3 16 1 1
4 0 112 1 0 1 4 4 4 16 1 2
5 0 113 2 1 1 4 4 5 16 1 2
6 0 114 3 2 1 4 4 6 16 1 2
7 0 115 N 3 1 4 4 7 16 1 2
8 0 122 5 0 2 4 4 8 16 1 3
9 0 123 6 1 2 4 4 9 16 1 3
10 0 124 7 2 2 4 4 10 16 1 3
11 0 125 N 3 2 4 4 11 16 1 3
12 0 132 9 0 3 4 4 12 16 1 4
13 0 133 10 1 3 4 4 13 16 1 4
14 0 134 11 2 3 4 4 14 16 1 4
15 0 135 N 3 3 4 4 15 16 1 4
0 1 106 N 0 0 4 4 0 16 1 1
1 1 107 N 1 0 4 4 1 16 1 1
2 1 108 N 2 0 4 4 2 16 1 1
3 1 109 N 3 0 4 4 3 16 1 1
4 1 116 1 0 1 4 4 4 16 1 2
5 1 117 2 1 1 4 4 5 16 1 2
6 1 118 3 2 1 4 4 6 16 1 2
7 1 119 N 3 1 4 4 7 16 1 2
8 1 126 5 0 2 4 4 8 16 1 3
9 1 127 6 1 2 4 4 9 16 1 3
10 1 128 7 2 2 4 4 10 16 1 3
11 1 129 N 3 2 4 4 11 16 1 3
12 1 136 9 0 3 4 4 12 16 1 4
13 1 137 10 1 3 4 4 13 16 1 4
14 1 138 11 2 3 4 4 14 16 1 4
15 1 139 N 3 3 4 4 15 16 1 4
0 1 106 N 0 0 4 4 0 16 1 1
1 1 107 N 1 0 4 4 1 16 1 1
2 1 108 N 2 0 4 4 2 16 1 1
3 1 109 N 3 0 4 4 3 16 1 1
4 1 116 1 0 1 4 4 4 16 1 2
5 1 117 2 1 1 4 4 5 16 1 2
6 1 118 3 2 1 4 4 6 16 1 2
7 1 119 N 3 1 4 4 7 16 1 2
8 1 126 5 0 2 4 4 8 16 1 3
9 1 127 6 1 2 4 4 9 16 1 3
10 1 128 7 2 2 4 4 10 16 1 3
11 1 129 N 3 2 4 4 11 16 1 3
12 1 136 9 0 3 4 4 12 16 1 4
13 1 137 10 1 3 4 4 13 16 1 4
14 1 138 11 2 3 4 4 14 16 1 4
15 1 139 N 3 3 4 4 15 16 1 4
0 1 106 N 0 0 4 4 0 16 1 1
1 1 107 N 1 0 4 4 1 16 1 1
2 1 108 N 2 0 4 4 2 16 1 1
3 1 109 N 3 0 4 4 3 16 1 1
4 1 116 1 0 1 4 4 4 16 1 2
5 1 117 2 1 1 4 4 5 16 1 2
6 1 118 3 2 1 4 4 6 16 1 2
7 1 119 N 3 1 4 4 7 16 1 2
8 1 126 5 0 2 4 4 8 16 1 3
9 1 127 6 1 2 4 4 9 16 1 3
10 1 128 7 2 2 4 4 10 16 1 3
11 1 129 N 3 2 4 4 11 16 1 3
12 1 136 9 0 3 4 4 12 16 1 4
13 1 137 10 1 3 4 4 13 16 1 4
14 1 138 11 2 3 4 4 14 16 1 4
15 1 139 N 3 3 4 4 15 16 1 4
0 1 106 N 0 0 4 4 0 16 1 1
1 1 107 N 1 0 4 4 1 16 1 1
2 1 108 N 2 0 4 4 2 16 1 1
3 1 109 N 3 0 4 4 3 16 1 1
4 1 116 1 0 1 4 4 4 16 1 2
5 1 117 2 1 1 4 4 5 16 1 2
6 1 118 3 2 1 4 4 6 16 1 2
7 1 119 N 3 1 4 4 7 16 1 2
8 1 126 5 0 2 4 4 8 16 1 3
9 1 127 6 1 2 4 4 9 16 1 3
10 1 128 7 2 2 4 4 10 16 1 3
11 1 129 N 3 2 4 4 11 16 1 3
12 1 136 9 0 3 4 4 12 16 1 4
13 1 137 10 1 3 4 4 13 16 1 4
14 1 138 11 2 3 4 4 14 16 1 4
15 1 139 N 3 3 4 4 15 16 1 4
0 1 106 N 0 0 4 4 0 16 1 1
1 1 107 N 1 0 4 4 1 16 1 1
2 1 108 N 2 0 4 4 2 16 1 1
3 1 109 N 3 0 4 4 3 16 1 1
4 1 116 1 0 1 4 4 4 16 1 2
5 1 117 2 1 1 4 4 5 16 1 2
6 1 118 3 2 1 4 4 6 16 1 2
7 1 119 N 3 1 4 4 7 16 1 2
8 1 126 5 0 2 4 4 8 16 1 3
9 1 127 6 1 2 4 4 9 16 1 3
10 1 128 7 2 2 4 4 10 16 1 3
11 1 129 N 3 2 4 4 11 16 1 3
12 1 136 9 0 3 4 4 12 16 1 4
13 1 137 10 1 3 4 4 13 16 1 4
14 1 138 11 2 3 4 4 14 16 1 4
15 1 139 N 3 3 4 4 15 16 1 4
0 1 106 N 0 0 4 4 0 16 1 1
1 1 107 N 1 0 4 4 1 16 1 1
2 1 108 N 2 0 4 4 2 16 1 1
3 1 109 N 3 0 4 4 3 16 1 1
4 1 116 1 0 1 4 4 4 16 1 2
5 1 117 2 1 1 4 4 5 16 1 2
6 1 118 3 2 1 4 4 6 16 1 2
7 1 119 N 3 1 4 4 7 16 1 2
8 1 126 5 0 2 4 4 8 16 1 3
9 1 127 6 1 2 4 4 9 16 1 3
10 1 128 7 2 2 4 4 10 16 1 3
11 1 129 N 3 2 4 4 11 16 1 3
12 1 136 9 0 3 4 4 12 16 1 4
13 1 137 10 1 3 4 4 13 16 1 4
14 1 138 11 2 3 4 4 14 16 1 4
15 1 139 N 3 3 4 4 15 16 1 4
0 2 142 N 0 0 4 4 0 16 1 5
1 2 143 N 1 0 4 4 1 16 1 5
2 2 144 N 2 0 4 4 2 16 1 5
3 2 145 N 3 0 4 4 3 16 1 5
4 2 152 1 0 1 4 4 4 16 1 6
5 2 153 2 1 1 4 4 5 16 1 6
6 2 154 3 2 1 4 4 6 16 1 6
7 2 155 N 3 1 4 4 7 16 1 6
8 2 162 5 0 2 4 4 8 16 1 7
9 2 163 6 1 2 4 4 9 16 1 7
10 2 164 7 2 2 4 4 10 16 1 7
11 2 165 N 3 2 4 4 11 16 1 7
12 2 172 9 0 3 4 4 12 16 1 8
13 2 173 10 1 3 4 4 13 16 1 8
14 2 174 11 2 3 4 4 14 16 1 8
15 2 175 N 3 3 4 4 15 16 1 8
0 2 142 N 0 0 4 4 0 16 1 5
1 2 143 N 1 0 4 4 1 16 1 5
2 2 144 N 2 0 4 4 2 16 1 5
3 2 145 N 3 0 4 4 3 16 1 5
4 2 152 1 0 1 4 4 4 16 1 6
5 2 153 2 1 1 4 4 5 16 1 6
6 2 154 3 2 1 4 4 6 16 1 6
7 2 155 N 3 1 4 4 7 16 1 6
8 2 162 5 0 2 4 4 8 16 1 7
9 2 163 6 1 2 4 4 9 16 1 7
10 2 164 7 2 2 4 4 10 16 1 7
11 2 165 N 3 2 4 4 11 16 1 7
12 2 172 9 0 3 4 4 12 16 1 8
13 2 173 10 1 3 4 4 13 16 1 8
14 2 174 11 2 3 4 4 14 16 1 8
15 2 175 N 3 3 4 4 15 16 1 8
0 2 142 N 0 0 4 4 0 16 1 5
1 2 143 N 1 0 4 4 1 16 1 5
2 2 144 N 2 0 4 4 2 16 1 5
3 2 145 N 3 0 4 4 3 16 1 5
4 2 152 1 0 1 4 4 4 16 1 6
5 2 153 2 1 1 4 4 5 16 1 6
6 2 154 3 2 1 4 4 6 16 1 6
7 2 155 N 3 1 4 4 7 16 1 6
8 2 162 5 0 2 4 4 8 16 1 7
9 2 163 6 1 2 4 4 9 16 1 7
10 2 164 7 2 2 4 4 10 16 1 7
11 2 165 N 3 2 4 4 11 16 1 7
12 2 172 9 0 3 4 4 12 16 1 8
13 2 173 10 1 3 4 4 13 16 1 8
14 2 174 11 2 3 4 4 14 16 1 8
15 2 175 N 3 3 4 4 15 16 1 8
0 2 142 N 0 0 4 4 0 16 1 5
1 2 143 N 1 0 4 4 1 16 1 5
2 2 144 N 2 0 4 4 2 16 1 5
3 2 145 N 3 0 4 4 3 16 1 5
4 2 152 1 0 1 4 4 4 16 1 6
5 2 153 2 1 1 4 4 5 16 1 6
6 2 154 3 2 1 4 4 6 16 1 6
7 2 155 N 3 1 4 4 7 16 1 6
8 2 162 5 0 2 4 4 8 16 1 7
9 2 163 6 1 2 4 4 9 16 1 7
10 2 164 7 2 2 4 4 10 16 1 7
11 2 165 N 3 2 4 4 11 16 1 7
12 2 172 9 0 3 4 4 12 16 1 8
13 2 173 10 1 3 4 4 13 16 1 8
14 2 174 11 2 3 4 4 14 16 1 8
15 2 175 N 3 3 4 4 15 16 1 8
0 2 142 N 0 0 4 4 0 16 1 5
1 2 143 N 1 0 4 4 1 16 1 5
2 2 144 N 2 0 4 4 2 16 1 5
3 2 145 N 3 0 4 4 3 16 1 5
4 2 152 1 0 1 4 4 4 16 1 6
5 2 153 2 1 1 4 4 5 16 1 6
6 2 154 3 2 1 4 4 6 16 1 6
7 2 155 N 3 1 4 4 7 16 1 6
8 2 162 5 0 2 4 4 8 16 1 7
9 2 163 6 1 2 4 4 9 16 1 7
10 2 164 7 2 2 4 4 10 16 1 7
11 2 165 N 3 2 4 4 11 16 1 7
12 2 172 9 0 3 4 4 12 16 1 8
13 2 173 10 1 3 4 4 13 16 1 8
14 2 174 11 2 3 4 4 14 16 1 8
15 2 175 N 3 3 4 4 15 16 1 8
0 2 142 N 0 0 4 4 0 16 1 5
1 2 143 N 1 0 4 4 1 16 1 5
2 2 144 N 2 0 4 4 2 16 1 5
3 2 145 N 3 0 4 4 3 16 1 5
4 2 152 1 0 1 4 4 4 16 1 6
5 2 153 2 1 1 4 4 5 16 1 6
6 2 154 3 2 1 4 4 6 16 1 6
7 2 155 N 3 1 4 4 7 16 1 6
8 2 162 5 0 2 4 4 8 16 1 7
9 2 163 6 1 2 4 4 9 16 1 7
10 2 164 7 2 2 4 4 10 16 1 7
11 2 165 N 3 2 4 4 11 16 1 7
12 2 172 9 0 3 4 4 12 16 1 8
13 2 173 10 1 3 4 4 13 16 1 8
14 2 174 11 2 3 4 4 14 16 1 8
15 2 175 N 3 3 4 4 15 16 1 8
0 3 146 N 0 0 4 4 0 16 1 5
1 3 147 N 1 0 4 4 1 16 1 5
2 3 148 N 2 0 4 4 2 16 1 5
3 3 149 N 3 0 4 4 3 16 1 5
4 3 156 1 0 1 4 4 4 16 1 6
5 3 157 2 1 1 4 4 5 16 1 6
6 3 158 3 2 1 4 4 6 16 1 6
7 3 159 N 3 1 4 4 7 16 1 6
8 3 166 5 0 2 4 4 8 16 1 7
9 3 167 6 1 2 4 4 9 16 1 7
10 3 168 7 2 2 4 4 10 16 1 7
11 3 169 N 3 2 4 4 11 16 1 7
12 3 176 9 0 3 4 4 12 16 1 8
13 3 177 10 1 3 4 4 13 16 1 8
14 3 178 11 2 3 4 4 14 16 1 8
15 3 179 N 3 3 4 4 15 16 1 8
0 3 146 N 0 0 4 4 0 16 1 5
1 3 147 N 1 0 4 4 1 16 1 5
2 3 148 N 2 0 4 4 2 16 1 5
3 3 149 N 3 0 4 4 3 16 1 5
4 3 156 1 0 1 4 4 4 16 1 6
5 3 157 2 1 1 4 4 5 16 1 6
6 3 158 3 2 1 4 4 6 16 1 6
7 3 159 N 3 1 4 4 7 16 1 6
8 3 166 5 0 2 4 4 8 16 1 7
9 3 167 6 1 2 4 4 9 16 1 7
10 3 168 7 2 2 4 4 10 16 1 7
11 3 169 N 3 2 4 4 11 16 1 7
12 3 176 9 0 3 4 4 12 16 1 8
13 3 177 10 1 3 4 4 13 16 1 8
14 3 178 11 2 3 4 4 14 16 1 8
15 3 179 N 3 3 4 4 15 16 1 8
0 3 146 N 0 0 4 4 0 16 1 5
1 3 147 N 1 0 4 4 1 16 1 5
2 3 148 N 2 0 4 4 2 16 1 5
3 3 149 N 3 0 4 4 3 16 1 5
4 3 156 1 0 1 4 4 4 16 1 6
5 3 157 2 1 1 4 4 5 16 1 6
6 3 158 3 2 1 4 4 6 16 1 6
7 3 159 N 3 1 4 4 7 16 1 6
8 3 166 5 0 2 4 4 8 16 1 7
9 3 167 6 1 2 4 4 9 16 1 7
10 3 168 7 2 2 4 4 10 16 1 7
11 3 169 N 3 2 4 4 11 16 1 7
12 3 176 9 0 3 4 4 12 16 1 8
13 3 177 10 1 3 4 4 13 16 1 8
14 3 178 11 2 3 4 4 14 16 1 8
15 3 179 N 3 3 4 4 15 16 1 8
0 3 146 N 0 0 4 4 0 16 1 5
1 3 147 N 1 0 4 4 1 16 1 5
2 3 148 N 2 0 4 4 2 16 1 5
3 3 149 N 3 0 4 4 3 16 1 5
4 3 156 1 0 1 4 4 4 16 1 6
5 3 157 2 1 1 4 4 5 16 1 6
6 3 158 3 2 1 4 4 6 16 1 6
7 3 159 N 3 1 4 4 7 16 1 6
8 3 166 5 0 2 4 4 8 16 1 7
9 3 167 6 1 2 4 4 9 16 1 7
10 3 168 7 2 2 4 4 10 16 1 7
11 3 169 N 3 2 4 4 11 16 1 7
12 3 176 9 0 3 4 4 12 16 1 8
13 3 177 10 1 3 4 4 13 16 1 8
14 3 178 11 2 3 4 4 14 16 1 8
15 3 179 N 3 3 4 4 15 16 1 8
0 3 146 N 0 0 4 4 0 16 1 5
1 3 147 N 1 0 4 4 1 16 1 5
2 3 148 N 2 0 4 4 2 16 1 5
3 3 149 N 3 0 4 4 3 16 1 5
4 3 156 1 0 1 4 4 4 16 1 6
5 3 157 2 1 1 4 4 5 16 1 6
6 3 158 3 2 1 4 4 6 16 1 6
7 3 159 N 3 1 4 4 7 16 1 6
8 3 166 5 0 2 4 4 8 16 1 7
9 3 167 6 1 2 4 4 9 16 1 7
10 3 168 7 2 2 4 4 10 16 1 7
11 3 169 N 3 2 4 4 11 16 1 7
12 3 176 9 0 3 4 4 12 16 1 8
13 3 177 10 1 3 4 4 13 16 1 8
14 3 178 11 2 3 4 4 14 16 1 8
15 3 179 N 3 3 4 4 15 16 1 8
0 3 146 N 0 0 4 4 0 16 1 5
1 3 147 N 1 0 4 4 1 16 1 5
2 3 148 N 2 0 4 4 2 16 1 5
3 3 149 N 3 0 4 4 3 16 1 5
4 3 156 1 0 1 4 4 4 16 1 6
5 3 157 2 1 1 4 4 5 16 1 6
6 3 158 3 2 1 4 4 6 16 1 6
7 3 159 N 3 1 4 4 7 16 1 6
8 3 166 5 0 2 4 4 8 16 1 7
9 3 167 6 1 2 4 4 9 16 1 7
10 3 168 7 2 2 4 4 10 16 1 7
11 3 169 N 3 2 4 4 11 16 1 7
12 3 176 9 0 3 4 4 12 16 1 8
13 3 177 10 1 3 4 4 13 16 1 8
14 3 178 11 2 3 4 4 14 16 1 8
15 3 179 N 3 3 4 4 15 16 1 8
