0 0 120 N 0 0 4 4 0 16 1 1
1 0 121 4 1 0 4 4 1 16 1 1
2 0 122 5 2 0 4 4 2 16 1 1
3 0 123 6 3 0 4 4 3 16 1 1
4 0 130 N 0 1 4 4 4 16 1 2
5 0 131 8 1 1 4 4 5 16 1 2
6 0 132 9 2 1 4 4 6 16 1 2
7 0 133 10 3 1 4 4 7 16 1 2
8 0 140 N 0 2 4 4 8 16 1 3
9 0 141 12 1 2 4 4 9 16 1 3
10 0 142 13 2 2 4 4 10 16 1 3
11 0 143 14 3 2 4 4 11 16 1 3
12 0 150 N 0 3 4 4 12 16 1 4
13 0 151 N 1 3 4 4 13 16 1 4
14 0 152 N 2 3 4 4 14 16 1 4
15 0 153 N 3 3 4 4 15 16 1 4
0 0 120 N 0 0 4 4 0 16 1 1
1 0 121 4 1 0 4 4 1 16 1 1
2 0 122 5 2 0 4 4 2 16 1 1
3 0 123 6 3 0 4 4 3 16 1 1
4 0 130 N 0 1 4 4 4 16 1 2
5 0 131 8 1 1 4 4 5 16 1 2
6 0 132 9 2 1 4 4 6 16 1 2
7 0 133 10 3 1 4 4 7 16 1 2
8 0 140 N 0 2 4 4 8 16 1 3
9 0 141 12 1 2 4 4 9 16 1 3
10 0 142 13 2 2 4 4 10 16 1 3
11 0 143 14 3 2 4 4 11 16 1 3
12 0 150 N 0 3 4 4 12 16 1 4
13 0 151 N 1 3 4 4 13 16 1 4
14 0 152 N 2 3 4 4 14 16 1 4
15 0 153 N 3 3 4 4 15 16 1 4
0 0 120 N 0 0 4 4 0 16 1 1
1 0 121 4 1 0 4 4 1 16 1 1
2 0 122 5 2 0 4 4 2 16 1 1
3 0 123 6 3 0 4 4 3 16 1 1
4 0 130 N 0 1 4 4 4 16 1 2
5 0 131 8 1 1 4 4 5 16 1 2
6 0 132 9 2 1 4 4 6 16 1 2
7 0 133 10 3 1 4 4 7 16 1 2
8 0 140 N 0 2 4 4 8 16 1 3
9 0 141 12 1 2 4 4 9 16 1 3
10 0 142 13 2 2 4 4 10 16 1 3
11 0 143 14 3 2 4 4 11 16 1 3
12 0 150 N 0 3 4 4 12 16 1 4
13 0 151 N 1 3 4 4 13 16 1 4
14 0 152 N 2 3 4 4 14 16 1 4
15 0 153 N 3 3 4 4 15 16 1 4
0 0 120 N 0 0 4 4 0 16 1 1
1 0 121 4 1 0 4 4 1 16 1 1
2 0 122 5 2 0 4 4 2 16 1 1
3 0 123 6 3 0 4 4 3 16 1 1
4 0 130 N 0 1 4 4 4 16 1 2
5 0 131 8 1 1 4 4 5 16 1 2
6 0 132 9 2 1 4 4 6 16 1 2
7 0 133 10 3 1 4 4 7 16 1 2
8 0 140 N 0 2 4 4 8 16 1 3
9 0 141 12 1 2 4 4 9 16 1 3
10 0 142 13 2 2 4 4 10 16 1 3
11 0 143 14 3 2 4 4 11 16 1 3
12 0 150 N 0 3 4 4 12 16 1 4
13 0 151 N 1 3 4 4 13 16 1 4
14 0 152 N 2 3 4 4 14 16 1 4
15 0 153 N 3 3 4 4 15 16 1 4
0 0 120 N 0 0 4 4 0 16 1 1
1 0 121 4 1 0 4 4 1 16 1 1
2 0 122 5 2 0 4 4 2 16 1 1
3 0 123 6 3 0 4 4 3 16 1 1
4 0 130 N 0 1 4 4 4 16 1 2
5 0 131 8 1 1 4 4 5 16 1 2
6 0 132 9 2 1 4 4 6 16 1 2
7 0 133 10 3 1 4 4 7 16 1 2
8 0 140 N 0 2 4 4 8 16 1 3
9 0 141 12 1 2 4 4 9 16 1 3
10 0 142 13 2 2 4 4 10 16 1 3
11 0 143 14 3 2 4 4 11 16 1 3
12 0 150 N 0 3 4 4 12 16 1 4
13 0 151 N 1 3 4 4 13 16 1 4
14 0 152 N 2 3 4 4 14 16 1 4
15 0 153 N 3 3 4 4 15 16 1 4
0 0 120 N 0 0 4 4 0 16 1 1
1 0 121 4 1 0 4 4 1 16 1 1
2 0 122 5 2 0 4 4 2 16 1 1
3 0 123 6 3 0 4 4 3 16 1 1
4 0 130 N 0 1 4 4 4 16 1 2
5 0 131 8 1 1 4 4 5 16 1 2
6 0 132 9 2 1 4 4 6 16 1 2
7 0 133 10 3 1 4 4 7 16 1 2
8 0 140 N 0 2 4 4 8 16 1 3
9 0 141 12 1 2 4 4 9 16 1 3
10 0 142 13 2 2 4 4 10 16 1 3
11 0 143 14 3 2 4 4 11 16 1 3
12 0 150 N 0 3 4 4 12 16 1 4
13 0 151 N 1 3 4 4 13 16 1 4
14 0 152 N 2 3 4 4 14 16 1 4
15 0 153 N 3 3 4 4 15 16 1 4
0 1 124 N 0 0 4 4 0 16 1 1
1 1 125 4 1 0 4 4 1 16 1 1
2 1 126 5 2 0 4 4 2 16 1 1
3 1 127 6 3 0 4 4 3 16 1 1
4 1 134 N 0 1 4 4 4 16 1 2
5 1 135 8 1 1 4 4 5 16 1 2
6 1 136 9 2 1 4 4 6 16 1 2
7 1 137 10 3 1 4 4 7 16 1 2
8 1 144 N 0 2 4 4 8 16 1 3
9 1 145 12 1 2 4 4 9 16 1 3
10 1 146 13 2 2 4 4 10 16 1 3
11 1 147 14 3 2 4 4 11 16 1 3
12 1 154 N 0 3 4 4 12 16 1 4
13 1 155 N 1 3 4 4 13 16 1 4
14 1 156 N 2 3 4 4 14 16 1 4
15 1 157 N 3 3 4 4 15 16 1 4
0 1 124 N 0 0 4 4 0 16 1 1
1 1 125 4 1 0 4 4 1 16 1 1
2 1 126 5 2 0 4 4 2 16 1 1
3 1 127 6 3 0 4 4 3 16 1 1
4 1 134 N 0 1 4 4 4 16 1 2
5 1 135 8 1 1 4 4 5 16 1 2
6 1 136 9 2 1 4 4 6 16 1 2
7 1 137 10 3 1 4 4 7 16 1 2
8 1 144 N 0 2 4 4 8 16 1 3
9 1 145 12 1 2 4 4 9 16 1 3
10 1 146 13 2 2 4 4 10 16 1 3
11 1 147 14 3 2 4 4 11 16 1 3
12 1 154 N 0 3 4 4 12 16 1 4
13 1 155 N 1 3 4 4 13 16 1 4
14 1 156 N 2 3 4 4 14 16 1 4
15 1 157 N 3 3 4 4 15 16 1 4
0 1 124 N 0 0 4 4 0 16 1 1
1 1 125 4 1 0 4 4 1 16 1 1
2 1 126 5 2 0 4 4 2 16 1 1
3 1 127 6 3 0 4 4 3 16 1 1
4 1 134 N 0 1 4 4 4 16 1 2
5 1 135 8 1 1 4 4 5 16 1 2
6 1 136 9 2 1 4 4 6 16 1 2
7 1 137 10 3 1 4 4 7 16 1 2
8 1 144 N 0 2 4 4 8 16 1 3
9 1 145 12 1 2 4 4 9 16 1 3
10 1 146 13 2 2 4 4 10 16 1 3
11 1 147 14 3 2 4 4 11 16 1 3
12 1 154 N 0 3 4 4 12 16 1 4
13 1 155 N 1 3 4 4 13 16 1 4
14 1 156 N 2 3 4 4 14 16 1 4
15 1 157 N 3 3 4 4 15 16 1 4
0 1 124 N 0 0 4 4 0 16 1 1
1 1 125 4 1 0 4 4 1 16 1 1
2 1 126 5 2 0 4 4 2 16 1 1
3 1 127 6 3 0 4 4 3 16 1 1
4 1 134 N 0 1 4 4 4 16 1 2
5 1 135 8 1 1 4 4 5 16 1 2
6 1 136 9 2 1 4 4 6 16 1 2
7 1 137 10 3 1 4 4 7 16 1 2
8 1 144 N 0 2 4 4 8 16 1 3
9 1 145 12 1 2 4 4 9 16 1 3
10 1 146 13 2 2 4 4 10 16 1 3
11 1 147 14 3 2 4 4 11 16 1 3
12 1 154 N 0 3 4 4 12 16 1 4
13 1 155 N 1 3 4 4 13 16 1 4
14 1 156 N 2 3 4 4 14 16 1 4
15 1 157 N 3 3 4 4 15 16 1 4
0 1 124 N 0 0 4 4 0 16 1 1
1 1 125 4 1 0 4 4 1 16 1 1
2 1 126 5 2 0 4 4 2 16 1 1
3 1 127 6 3 0 4 4 3 16 1 1
4 1 134 N 0 1 4 4 4 16 1 2
5 1 135 8 1 1 4 4 5 16 1 2
6 1 136 9 2 1 4 4 6 16 1 2
7 1 137 10 3 1 4 4 7 16 1 2
8 1 144 N 0 2 4 4 8 16 1 3
9 1 145 12 1 2 4 4 9 16 1 3
10 1 146 13 2 2 4 4 10 16 1 3
11 1 147 14 3 2 4 4 11 16 1 3
12 1 154 N 0 3 4 4 12 16 1 4
13 1 155 N 1 3 4 4 13 16 1 4
14 1 156 N 2 3 4 4 14 16 1 4
15 1 157 N 3 3 4 4 15 16 1 4
0 1 124 N 0 0 4 4 0 16 1 1
1 1 125 4 1 0 4 4 1 16 1 1
2 1 126 5 2 0 4 4 2 16 1 1
3 1 127 6 3 0 4 4 3 16 1 1
4 1 134 N 0 1 4 4 4 16 1 2
5 1 135 8 1 1 4 4 5 16 1 2
6 1 136 9 2 1 4 4 6 16 1 2
7 1 137 10 3 1 4 4 7 16 1 2
8 1 144 N 0 2 4 4 8 16 1 3
9 1 145 12 1 2 4 4 9 16 1 3
10 1 146 13 2 2 4 4 10 16 1 3
11 1 147 14 3 2 4 4 11 16 1 3
12 1 154 N 0 3 4 4 12 16 1 4
13 1 155 N 1 3 4 4 13 16 1 4
14 1 156 N 2 3 4 4 14 16 1 4
15 1 157 N 3 3 4 4 15 16 1 4
0 2 160 N 0 0 4 4 0 16 1 5
1 2 161 4 1 0 4 4 1 16 1 5
2 2 162 5 2 0 4 4 2 16 1 5
3 2 163 6 3 0 4 4 3 16 1 5
4 2 170 N 0 1 4 4 4 16 1 6
5 2 171 8 1 1 4 4 5 16 1 6
6 2 172 9 2 1 4 4 6 16 1 6
7 2 173 10 3 1 4 4 7 16 1 6
8 2 180 N 0 2 4 4 8 16 1 7
9 2 181 12 1 2 4 4 9 16 1 7
10 2 182 13 2 2 4 4 10 16 1 7
11 2 183 14 3 2 4 4 11 16 1 7
12 2 190 N 0 3 4 4 12 16 1 8
13 2 191 N 1 3 4 4 13 16 1 8
14 2 192 N 2 3 4 4 14 16 1 8
15 2 193 N 3 3 4 4 15 16 1 8
0 2 160 N 0 0 4 4 0 16 1 5
1 2 161 4 1 0 4 4 1 16 1 5
2 2 162 5 2 0 4 4 2 16 1 5
3 2 163 6 3 0 4 4 3 16 1 5
4 2 170 N 0 1 4 4 4 16 1 6
5 2 171 8 1 1 4 4 5 16 1 6
6 2 172 9 2 1 4 4 6 16 1 6
7 2 173 10 3 1 4 4 7 16 1 6
8 2 180 N 0 2 4 4 8 16 1 7
9 2 181 12 1 2 4 4 9 16 1 7
10 2 182 13 2 2 4 4 10 16 1 7
11 2 183 14 3 2 4 4 11 16 1 7
12 2 190 N 0 3 4 4 12 16 1 8
13 2 191 N 1 3 4 4 13 16 1 8
14 2 192 N 2 3 4 4 14 16 1 8
15 2 193 N 3 3 4 4 15 16 1 8
0 2 160 N 0 0 4 4 0 16 1 5
1 2 161 4 1 0 4 4 1 16 1 5
2 2 162 5 2 0 4 4 2 16 1 5
3 2 163 6 3 0 4 4 3 16 1 5
4 2 170 N 0 1 4 4 4 16 1 6
5 2 171 8 1 1 4 4 5 16 1 6
6 2 172 9 2 1 4 4 6 16 1 6
7 2 173 10 3 1 4 4 7 16 1 6
8 2 180 N 0 2 4 4 8 16 1 7
9 2 181 12 1 2 4 4 9 16 1 7
10 2 182 13 2 2 4 4 10 16 1 7
11 2 183 14 3 2 4 4 11 16 1 7
12 2 190 N 0 3 4 4 12 16 1 8
13 2 191 N 1 3 4 4 13 16 1 8
14 2 192 N 2 3 4 4 14 16 1 8
15 2 193 N 3 3 4 4 15 16 1 8
0 2 160 N 0 0 4 4 0 16 1 5
1 2 161 4 1 0 4 4 1 16 1 5
2 2 162 5 2 0 4 4 2 16 1 5
3 2 163 6 3 0 4 4 3 16 1 5
4 2 170 N 0 1 4 4 4 16 1 6
5 2 171 8 1 1 4 4 5 16 1 6
6 2 172 9 2 1 4 4 6 16 1 6
7 2 173 10 3 1 4 4 7 16 1 6
8 2 180 N 0 2 4 4 8 16 1 7
9 2 181 12 1 2 4 4 9 16 1 7
10 2 182 13 2 2 4 4 10 16 1 7
11 2 183 14 3 2 4 4 11 16 1 7
12 2 190 N 0 3 4 4 12 16 1 8
13 2 191 N 1 3 4 4 13 16 1 8
14 2 192 N 2 3 4 4 14 16 1 8
15 2 193 N 3 3 4 4 15 16 1 8
0 2 160 N 0 0 4 4 0 16 1 5
1 2 161 4 1 0 4 4 1 16 1 5
2 2 162 5 2 0 4 4 2 16 1 5
3 2 163 6 3 0 4 4 3 16 1 5
4 2 170 N 0 1 4 4 4 16 1 6
5 2 171 8 1 1 4 4 5 16 1 6
6 2 172 9 2 1 4 4 6 16 1 6
7 2 173 10 3 1 4 4 7 16 1 6
8 2 180 N 0 2 4 4 8 16 1 7
9 2 181 12 1 2 4 4 9 16 1 7
10 2 182 13 2 2 4 4 10 16 1 7
11 2 183 14 3 2 4 4 11 16 1 7
12 2 190 N 0 3 4 4 12 16 1 8
13 2 191 N 1 3 4 4 13 16 1 8
14 2 192 N 2 3 4 4 14 16 1 8
15 2 193 N 3 3 4 4 15 16 1 8
0 2 160 N 0 0 4 4 0 16 1 5
1 2 161 4 1 0 4 4 1 16 1 5
2 2 162 5 2 0 4 4 2 16 1 5
3 2 163 6 3 0 4 4 3 16 1 5
4 2 170 N 0 1 4 4 4 16 1 6
5 2 171 8 1 1 4 4 5 16 1 6
6 2 172 9 2 1 4 4 6 16 1 6
7 2 173 10 3 1 4 4 7 16 1 6
8 2 180 N 0 2 4 4 8 16 1 7
9 2 181 12 1 2 4 4 9 16 1 7
10 2 182 13 2 2 4 4 10 16 1 7
11 2 183 14 3 2 4 4 11 16 1 7
12 2 190 N 0 3 4 4 12 16 1 8
13 2 191 N 1 3 4 4 13 16 1 8
14 2 192 N 2 3 4 4 14 16 1 8
15 2 193 N 3 3 4 4 15 16 1 8
0 3 164 N 0 0 4 4 0 16 1 5
1 3 165 4 1 0 4 4 1 16 1 5
2 3 166 5 2 0 4 4 2 16 1 5
3 3 167 6 3 0 4 4 3 16 1 5
4 3 174 N 0 1 4 4 4 16 1 6
5 3 175 8 1 1 4 4 5 16 1 6
6 3 176 9 2 1 4 4 6 16 1 6
7 3 177 10 3 1 4 4 7 16 1 6
8 3 184 N 0 2 4 4 8 16 1 7
9 3 185 12 1 2 4 4 9 16 1 7
10 3 186 13 2 2 4 4 10 16 1 7
11 3 187 14 3 2 4 4 11 16 1 7
12 3 194 N 0 3 4 4 12 16 1 8
13 3 195 N 1 3 4 4 13 16 1 8
14 3 196 N 2 3 4 4 14 16 1 8
15 3 197 N 3 3 4 4 15 16 1 8
0 3 164 N 0 0 4 4 0 16 1 5
1 3 165 4 1 0 4 4 1 16 1 5
2 3 166 5 2 0 4 4 2 16 1 5
3 3 167 6 3 0 4 4 3 16 1 5
4 3 174 N 0 1 4 4 4 16 1 6
5 3 175 8 1 1 4 4 5 16 1 6
6 3 176 9 2 1 4 4 6 16 1 6
7 3 177 10 3 1 4 4 7 16 1 6
8 3 184 N 0 2 4 4 8 16 1 7
9 3 185 12 1 2 4 4 9 16 1 7
10 3 186 13 2 2 4 4 10 16 1 7
11 3 187 14 3 2 4 4 11 16 1 7
12 3 194 N 0 3 4 4 12 16 1 8
13 3 195 N 1 3 4 4 13 16 1 8
14 3 196 N 2 3 4 4 14 16 1 8
15 3 197 N 3 3 4 4 15 16 1 8
0 3 164 N 0 0 4 4 0 16 1 5
1 3 165 4 1 0 4 4 1 16 1 5
2 3 166 5 2 0 4 4 2 16 1 5
3 3 167 6 3 0 4 4 3 16 1 5
4 3 174 N 0 1 4 4 4 16 1 6
5 3 175 8 1 1 4 4 5 16 1 6
6 3 176 9 2 1 4 4 6 16 1 6
7 3 177 10 3 1 4 4 7 16 1 6
8 3 184 N 0 2 4 4 8 16 1 7
9 3 185 12 1 2 4 4 9 16 1 7
10 3 186 13 2 2 4 4 10 16 1 7
11 3 187 14 3 2 4 4 11 16 1 7
12 3 194 N 0 3 4 4 12 16 1 8
13 3 195 N 1 3 4 4 13 16 1 8
14 3 196 N 2 3 4 4 14 16 1 8
15 3 197 N 3 3 4 4 15 16 1 8
0 3 164 N 0 0 4 4 0 16 1 5
1 3 165 4 1 0 4 4 1 16 1 5
2 3 166 5 2 0 4 4 2 16 1 5
3 3 167 6 3 0 4 4 3 16 1 5
4 3 174 N 0 1 4 4 4 16 1 6
5 3 175 8 1 1 4 4 5 16 1 6
6 3 176 9 2 1 4 4 6 16 1 6
7 3 177 10 3 1 4 4 7 16 1 6
8 3 184 N 0 2 4 4 8 16 1 7
9 3 185 12 1 2 4 4 9 16 1 7
10 3 186 13 2 2 4 4 10 16 1 7
11 3 187 14 3 2 4 4 11 16 1 7
12 3 194 N 0 3 4 4 12 16 1 8
13 3 195 N 1 3 4 4 13 16 1 8
14 3 196 N 2 3 4 4 14 16 1 8
15 3 197 N 3 3 4 4 15 16 1 8
0 3 164 N 0 0 4 4 0 16 1 5
1 3 165 4 1 0 4 4 1 16 1 5
2 3 166 5 2 0 4 4 2 16 1 5
3 3 167 6 3 0 4 4 3 16 1 5
4 3 174 N 0 1 4 4 4 16 1 6
5 3 175 8 1 1 4 4 5 16 1 6
6 3 176 9 2 1 4 4 6 16 1 6
7 3 177 10 3 1 4 4 7 16 1 6
8 3 184 N 0 2 4 4 8 16 1 7
9 3 185 12 1 2 4 4 9 16 1 7
10 3 186 13 2 2 4 4 10 16 1 7
11 3 187 14 3 2 4 4 11 16 1 7
12 3 194 N 0 3 4 4 12 16 1 8
13 3 195 N 1 3 4 4 13 16 1 8
14 3 196 N 2 3 4 4 14 16 1 8
15 3 197 N 3 3 4 4 15 16 1 8
0 3 164 N 0 0 4 4 0 16 1 5
1 3 165 4 1 0 4 4 1 16 1 5
2 3 166 5 2 0 4 4 2 16 1 5
3 3 167 6 3 0 4 4 3 16 1 5
4 3 174 N 0 1 4 4 4 16 1 6
5 3 175 8 1 1 4 4 5 16 1 6
6 3 176 9 2 1 4 4 6 16 1 6
7 3 177 10 3 1 4 4 7 16 1 6
8 3 184 N 0 2 4 4 8 16 1 7
9 3 185 12 1 2 4 4 9 16 1 7
10 3 186 13 2 2 4 4 10 16 1 7
11 3 187 14 3 2 4 4 11 16 1 7
12 3 194 N 0 3 4 4 12 16 1 8
13 3 195 N 1 3 4 4 13 16 1 8
14 3 196 N 2 3 4 4 14 16 1 8
15 3 197 N 3 3 4 4 15 16 1 8
