tid bid gmix smix i j c tid-x tid-y c2 bx by nx ny nz
0 0 0 0 0 0 0 0 0 0 3 3 9 9 3
2 0 1 1 2 0 2 2 0 2 3 3 9 9 3
3 0 9 3 0 1 9 0 1 3 3 3 9 9 3
5 0 10 4 2 1 11 2 1 5 3 3 9 9 3
6 0 18 6 0 2 18 0 2 6 3 3 9 9 3
8 0 19 7 2 2 20 2 2 8 3 3 9 9 3
0 0 81 0 0 0 81 0 0 0 3 3 9 9 3
2 0 82 1 2 0 83 2 0 2 3 3 9 9 3
3 0 90 3 0 1 90 0 1 3 3 3 9 9 3
5 0 91 4 2 1 92 2 1 5 3 3 9 9 3
6 0 99 6 0 2 99 0 2 6 3 3 9 9 3
8 0 100 7 2 2 101 2 2 8 3 3 9 9 3
0 0 162 0 0 0 162 0 0 0 3 3 9 9 3
2 0 163 1 2 0 164 2 0 2 3 3 9 9 3
3 0 171 3 0 1 171 0 1 3 3 3 9 9 3
5 0 172 4 2 1 173 2 1 5 3 3 9 9 3
6 0 180 6 0 2 180 0 2 6 3 3 9 9 3
8 0 181 7 2 2 182 2 2 8 3 3 9 9 3
0 1 2 N 3 0 3 0 0 0 3 3 9 9 3
1 1 3 0 4 0 4 1 0 1 3 3 9 9 3
2 1 4 1 5 0 5 2 0 2 3 3 9 9 3
3 1 11 N 3 1 12 0 1 3 3 3 9 9 3
4 1 12 3 4 1 13 1 1 4 3 3 9 9 3
5 1 13 4 5 1 14 2 1 5 3 3 9 9 3
6 1 20 N 3 2 21 0 2 6 3 3 9 9 3
7 1 21 6 4 2 22 1 2 7 3 3 9 9 3
8 1 22 7 5 2 23 2 2 8 3 3 9 9 3
0 1 83 N 3 0 84 0 0 0 3 3 9 9 3
1 1 84 0 4 0 85 1 0 1 3 3 9 9 3
2 1 85 1 5 0 86 2 0 2 3 3 9 9 3
3 1 92 N 3 1 93 0 1 3 3 3 9 9 3
4 1 93 3 4 1 94 1 1 4 3 3 9 9 3
5 1 94 4 5 1 95 2 1 5 3 3 9 9 3
6 1 101 N 3 2 102 0 2 6 3 3 9 9 3
7 1 102 6 4 2 103 1 2 7 3 3 9 9 3
8 1 103 7 5 2 104 2 2 8 3 3 9 9 3
0 1 164 N 3 0 165 0 0 0 3 3 9 9 3
1 1 165 0 4 0 166 1 0 1 3 3 9 9 3
2 1 166 1 5 0 167 2 0 2 3 3 9 9 3
3 1 173 N 3 1 174 0 1 3 3 3 9 9 3
4 1 174 3 4 1 175 1 1 4 3 3 9 9 3
5 1 175 4 5 1 176 2 1 5 3 3 9 9 3
6 1 182 N 3 2 183 0 2 6 3 3 9 9 3
7 1 183 6 4 2 184 1 2 7 3 3 9 9 3
8 1 184 7 5 2 185 2 2 8 3 3 9 9 3
0 2 5 N 6 0 6 0 0 0 3 3 9 9 3
1 2 6 0 7 0 7 1 0 1 3 3 9 9 3
2 2 7 1 8 0 8 2 0 2 3 3 9 9 3
3 2 14 N 6 1 15 0 1 3 3 3 9 9 3
4 2 15 3 7 1 16 1 1 4 3 3 9 9 3
5 2 16 4 8 1 17 2 1 5 3 3 9 9 3
6 2 23 N 6 2 24 0 2 6 3 3 9 9 3
7 2 24 6 7 2 25 1 2 7 3 3 9 9 3
8 2 25 7 8 2 26 2 2 8 3 3 9 9 3
0 2 86 N 6 0 87 0 0 0 3 3 9 9 3
1 2 87 0 7 0 88 1 0 1 3 3 9 9 3
2 2 88 1 8 0 89 2 0 2 3 3 9 9 3
3 2 95 N 6 1 96 0 1 3 3 3 9 9 3
4 2 96 3 7 1 97 1 1 4 3 3 9 9 3
5 2 97 4 8 1 98 2 1 5 3 3 9 9 3
6 2 104 N 6 2 105 0 2 6 3 3 9 9 3
7 2 105 6 7 2 106 1 2 7 3 3 9 9 3
8 2 106 7 8 2 107 2 2 8 3 3 9 9 3
0 2 167 N 6 0 168 0 0 0 3 3 9 9 3
1 2 168 0 7 0 169 1 0 1 3 3 9 9 3
2 2 169 1 8 0 170 2 0 2 3 3 9 9 3
3 2 176 N 6 1 177 0 1 3 3 3 9 9 3
4 2 177 3 7 1 178 1 1 4 3 3 9 9 3
5 2 178 4 8 1 179 2 1 5 3 3 9 9 3
6 2 185 N 6 2 186 0 2 6 3 3 9 9 3
7 2 186 6 7 2 187 1 2 7 3 3 9 9 3
8 2 187 7 8 2 188 2 2 8 3 3 9 9 3
0 3 27 0 0 3 27 0 0 0 3 3 9 9 3
2 3 28 1 2 3 29 2 0 2 3 3 9 9 3
3 3 36 3 0 4 36 0 1 3 3 3 9 9 3
5 3 37 4 2 4 38 2 1 5 3 3 9 9 3
6 3 45 6 0 5 45 0 2 6 3 3 9 9 3
8 3 46 7 2 5 47 2 2 8 3 3 9 9 3
0 3 108 0 0 3 108 0 0 0 3 3 9 9 3
2 3 109 1 2 3 110 2 0 2 3 3 9 9 3
3 3 117 3 0 4 117 0 1 3 3 3 9 9 3
5 3 118 4 2 4 119 2 1 5 3 3 9 9 3
6 3 126 6 0 5 126 0 2 6 3 3 9 9 3
8 3 127 7 2 5 128 2 2 8 3 3 9 9 3
0 3 189 0 0 3 189 0 0 0 3 3 9 9 3
2 3 190 1 2 3 191 2 0 2 3 3 9 9 3
3 3 198 3 0 4 198 0 1 3 3 3 9 9 3
5 3 199 4 2 4 200 2 1 5 3 3 9 9 3
6 3 207 6 0 5 207 0 2 6 3 3 9 9 3
8 3 208 7 2 5 209 2 2 8 3 3 9 9 3
0 4 29 N 3 3 30 0 0 0 3 3 9 9 3
1 4 30 0 4 3 31 1 0 1 3 3 9 9 3
2 4 31 1 5 3 32 2 0 2 3 3 9 9 3
3 4 38 N 3 4 39 0 1 3 3 3 9 9 3
4 4 39 3 4 4 40 1 1 4 3 3 9 9 3
5 4 40 4 5 4 41 2 1 5 3 3 9 9 3
6 4 47 N 3 5 48 0 2 6 3 3 9 9 3
7 4 48 6 4 5 49 1 2 7 3 3 9 9 3
8 4 49 7 5 5 50 2 2 8 3 3 9 9 3
0 4 110 N 3 3 111 0 0 0 3 3 9 9 3
1 4 111 0 4 3 112 1 0 1 3 3 9 9 3
2 4 112 1 5 3 113 2 0 2 3 3 9 9 3
3 4 119 N 3 4 120 0 1 3 3 3 9 9 3
4 4 120 3 4 4 121 1 1 4 3 3 9 9 3
5 4 121 4 5 4 122 2 1 5 3 3 9 9 3
6 4 128 N 3 5 129 0 2 6 3 3 9 9 3
7 4 129 6 4 5 130 1 2 7 3 3 9 9 3
8 4 130 7 5 5 131 2 2 8 3 3 9 9 3
0 4 191 N 3 3 192 0 0 0 3 3 9 9 3
1 4 192 0 4 3 193 1 0 1 3 3 9 9 3
2 4 193 1 5 3 194 2 0 2 3 3 9 9 3
3 4 200 N 3 4 201 0 1 3 3 3 9 9 3
4 4 201 3 4 4 202 1 1 4 3 3 9 9 3
5 4 202 4 5 4 203 2 1 5 3 3 9 9 3
6 4 209 N 3 5 210 0 2 6 3 3 9 9 3
7 4 210 6 4 5 211 1 2 7 3 3 9 9 3
8 4 211 7 5 5 212 2 2 8 3 3 9 9 3
0 5 32 N 6 3 33 0 0 0 3 3 9 9 3
1 5 33 0 7 3 34 1 0 1 3 3 9 9 3
2 5 34 1 8 3 35 2 0 2 3 3 9 9 3
3 5 41 N 6 4 42 0 1 3 3 3 9 9 3
4 5 42 3 7 4 43 1 1 4 3 3 9 9 3
5 5 43 4 8 4 44 2 1 5 3 3 9 9 3
6 5 50 N 6 5 51 0 2 6 3 3 9 9 3
7 5 51 6 7 5 52 1 2 7 3 3 9 9 3
8 5 52 7 8 5 53 2 2 8 3 3 9 9 3
0 5 113 N 6 3 114 0 0 0 3 3 9 9 3
1 5 114 0 7 3 115 1 0 1 3 3 9 9 3
2 5 115 1 8 3 116 2 0 2 3 3 9 9 3
3 5 122 N 6 4 123 0 1 3 3 3 9 9 3
4 5 123 3 7 4 124 1 1 4 3 3 9 9 3
5 5 124 4 8 4 125 2 1 5 3 3 9 9 3
6 5 131 N 6 5 132 0 2 6 3 3 9 9 3
7 5 132 6 7 5 133 1 2 7 3 3 9 9 3
8 5 133 7 8 5 134 2 2 8 3 3 9 9 3
0 5 194 N 6 3 195 0 0 0 3 3 9 9 3
1 5 195 0 7 3 196 1 0 1 3 3 9 9 3
2 5 196 1 8 3 197 2 0 2 3 3 9 9 3
3 5 203 N 6 4 204 0 1 3 3 3 9 9 3
4 5 204 3 7 4 205 1 1 4 3 3 9 9 3
5 5 205 4 8 4 206 2 1 5 3 3 9 9 3
6 5 212 N 6 5 213 0 2 6 3 3 9 9 3
7 5 213 6 7 5 214 1 2 7 3 3 9 9 3
8 5 214 7 8 5 215 2 2 8 3 3 9 9 3
0 6 54 0 0 6 54 0 0 0 3 3 9 9 3
2 6 55 1 2 6 56 2 0 2 3 3 9 9 3
3 6 63 3 0 7 63 0 1 3 3 3 9 9 3
5 6 64 4 2 7 65 2 1 5 3 3 9 9 3
6 6 72 6 0 8 72 0 2 6 3 3 9 9 3
8 6 73 7 2 8 74 2 2 8 3 3 9 9 3
0 6 135 0 0 6 135 0 0 0 3 3 9 9 3
2 6 136 1 2 6 137 2 0 2 3 3 9 9 3
3 6 144 3 0 7 144 0 1 3 3 3 9 9 3
5 6 145 4 2 7 146 2 1 5 3 3 9 9 3
6 6 153 6 0 8 153 0 2 6 3 3 9 9 3
8 6 154 7 2 8 155 2 2 8 3 3 9 9 3
0 6 216 0 0 6 216 0 0 0 3 3 9 9 3
2 6 217 1 2 6 218 2 0 2 3 3 9 9 3
3 6 225 3 0 7 225 0 1 3 3 3 9 9 3
5 6 226 4 2 7 227 2 1 5 3 3 9 9 3
6 6 234 6 0 8 234 0 2 6 3 3 9 9 3
8 6 235 7 2 8 236 2 2 8 3 3 9 9 3
0 7 56 N 3 6 57 0 0 0 3 3 9 9 3
1 7 57 0 4 6 58 1 0 1 3 3 9 9 3
2 7 58 1 5 6 59 2 0 2 3 3 9 9 3
3 7 65 N 3 7 66 0 1 3 3 3 9 9 3
4 7 66 3 4 7 67 1 1 4 3 3 9 9 3
5 7 67 4 5 7 68 2 1 5 3 3 9 9 3
6 7 74 N 3 8 75 0 2 6 3 3 9 9 3
7 7 75 6 4 8 76 1 2 7 3 3 9 9 3
8 7 76 7 5 8 77 2 2 8 3 3 9 9 3
0 7 137 N 3 6 138 0 0 0 3 3 9 9 3
1 7 138 0 4 6 139 1 0 1 3 3 9 9 3
2 7 139 1 5 6 140 2 0 2 3 3 9 9 3
3 7 146 N 3 7 147 0 1 3 3 3 9 9 3
4 7 147 3 4 7 148 1 1 4 3 3 9 9 3
5 7 148 4 5 7 149 2 1 5 3 3 9 9 3
6 7 155 N 3 8 156 0 2 6 3 3 9 9 3
7 7 156 6 4 8 157 1 2 7 3 3 9 9 3
8 7 157 7 5 8 158 2 2 8 3 3 9 9 3
0 7 218 N 3 6 219 0 0 0 3 3 9 9 3
1 7 219 0 4 6 220 1 0 1 3 3 9 9 3
2 7 220 1 5 6 221 2 0 2 3 3 9 9 3
3 7 227 N 3 7 228 0 1 3 3 3 9 9 3
4 7 228 3 4 7 229 1 1 4 3 3 9 9 3
5 7 229 4 5 7 230 2 1 5 3 3 9 9 3
6 7 236 N 3 8 237 0 2 6 3 3 9 9 3
7 7 237 6 4 8 238 1 2 7 3 3 9 9 3
8 7 238 7 5 8 239 2 2 8 3 3 9 9 3
0 8 59 N 6 6 60 0 0 0 3 3 9 9 3
1 8 60 0 7 6 61 1 0 1 3 3 9 9 3
2 8 61 1 8 6 62 2 0 2 3 3 9 9 3
3 8 68 N 6 7 69 0 1 3 3 3 9 9 3
4 8 69 3 7 7 70 1 1 4 3 3 9 9 3
5 8 70 4 8 7 71 2 1 5 3 3 9 9 3
6 8 77 N 6 8 78 0 2 6 3 3 9 9 3
7 8 78 6 7 8 79 1 2 7 3 3 9 9 3
8 8 79 7 8 8 80 2 2 8 3 3 9 9 3
0 8 140 N 6 6 141 0 0 0 3 3 9 9 3
1 8 141 0 7 6 142 1 0 1 3 3 9 9 3
2 8 142 1 8 6 143 2 0 2 3 3 9 9 3
3 8 149 N 6 7 150 0 1 3 3 3 9 9 3
4 8 150 3 7 7 151 1 1 4 3 3 9 9 3
5 8 151 4 8 7 152 2 1 5 3 3 9 9 3
6 8 158 N 6 8 159 0 2 6 3 3 9 9 3
7 8 159 6 7 8 160 1 2 7 3 3 9 9 3
8 8 160 7 8 8 161 2 2 8 3 3 9 9 3
0 8 221 N 6 6 222 0 0 0 3 3 9 9 3
1 8 222 0 7 6 223 1 0 1 3 3 9 9 3
2 8 223 1 8 6 224 2 0 2 3 3 9 9 3
3 8 230 N 6 7 231 0 1 3 3 3 9 9 3
4 8 231 3 7 7 232 1 1 4 3 3 9 9 3
5 8 232 4 8 7 233 2 1 5 3 3 9 9 3
6 8 239 N 6 8 240 0 2 6 3 3 9 9 3
7 8 240 6 7 8 241 1 2 7 3 3 9 9 3
8 8 241 7 8 8 242 2 2 8 3 3 9 9 3
