0 0 2 F 0 0 2 2 5 16 1 1 1 6 6 3 43 36
1 0 3 F 1 0 2 2 6 16 1 1 2 6 6 3 44 36
2 0 8 T 0 1 2 2 9 16 1 2 1 6 6 3 49 36
3 0 9 F 1 1 2 2 10 16 1 2 2 6 6 3 50 36
0 0 2 F 0 0 2 2 5 16 1 1 1 6 6 3 43 36
1 0 3 F 1 0 2 2 6 16 1 1 2 6 6 3 44 36
2 0 8 T 0 1 2 2 9 16 1 2 1 6 6 3 49 36
3 0 9 F 1 1 2 2 10 16 1 2 2 6 6 3 50 36
0 0 2 F 0 0 2 2 5 16 1 1 1 6 6 3 43 36
1 0 3 F 1 0 2 2 6 16 1 1 2 6 6 3 44 36
2 0 8 T 0 1 2 2 9 16 1 2 1 6 6 3 49 36
3 0 9 F 1 1 2 2 10 16 1 2 2 6 6 3 50 36
0 0 2 F 0 0 2 2 5 16 1 1 1 6 6 3 43 36
1 0 3 F 1 0 2 2 6 16 1 1 2 6 6 3 44 36
2 0 8 T 0 1 2 2 9 16 1 2 1 6 6 3 49 36
3 0 9 F 1 1 2 2 10 16 1 2 2 6 6 3 50 36
0 0 2 F 0 0 2 2 5 16 1 1 1 6 6 3 43 36
1 0 3 F 1 0 2 2 6 16 1 1 2 6 6 3 44 36
2 0 8 T 0 1 2 2 9 16 1 2 1 6 6 3 49 36
3 0 9 F 1 1 2 2 10 16 1 2 2 6 6 3 50 36
0 0 2 F 0 0 2 2 5 16 1 1 1 6 6 3 43 36
1 0 3 F 1 0 2 2 6 16 1 1 2 6 6 3 44 36
2 0 8 T 0 1 2 2 9 16 1 2 1 6 6 3 49 36
3 0 9 F 1 1 2 2 10 16 1 2 2 6 6 3 50 36
0 0 2 F 0 0 2 2 5 16 1 1 1 6 6 3 43 36
1 0 3 F 1 0 2 2 6 16 1 1 2 6 6 3 44 36
2 0 8 T 0 1 2 2 9 16 1 2 1 6 6 3 49 36
3 0 9 F 1 1 2 2 10 16 1 2 2 6 6 3 50 36
0 0 2 F 0 0 2 2 5 16 1 1 1 6 6 3 43 36
1 0 3 F 1 0 2 2 6 16 1 1 2 6 6 3 44 36
2 0 8 T 0 1 2 2 9 16 1 2 1 6 6 3 49 36
3 0 9 F 1 1 2 2 10 16 1 2 2 6 6 3 50 36
0 1 4 F 0 0 2 2 5 16 1 1 3 6 6 3 45 36
1 1 5 F 1 0 2 2 6 16 1 1 4 6 6 3 46 36
2 1 10 T 0 1 2 2 9 16 1 2 3 6 6 3 51 36
3 1 11 F 1 1 2 2 10 16 1 2 4 6 6 3 52 36
0 1 4 F 0 0 2 2 5 16 1 1 3 6 6 3 45 36
1 1 5 F 1 0 2 2 6 16 1 1 4 6 6 3 46 36
2 1 10 T 0 1 2 2 9 16 1 2 3 6 6 3 51 36
3 1 11 F 1 1 2 2 10 16 1 2 4 6 6 3 52 36
0 1 4 F 0 0 2 2 5 16 1 1 3 6 6 3 45 36
1 1 5 F 1 0 2 2 6 16 1 1 4 6 6 3 46 36
2 1 10 T 0 1 2 2 9 16 1 2 3 6 6 3 51 36
3 1 11 F 1 1 2 2 10 16 1 2 4 6 6 3 52 36
0 1 4 F 0 0 2 2 5 16 1 1 3 6 6 3 45 36
1 1 5 F 1 0 2 2 6 16 1 1 4 6 6 3 46 36
2 1 10 T 0 1 2 2 9 16 1 2 3 6 6 3 51 36
3 1 11 F 1 1 2 2 10 16 1 2 4 6 6 3 52 36
0 1 4 F 0 0 2 2 5 16 1 1 3 6 6 3 45 36
1 1 5 F 1 0 2 2 6 16 1 1 4 6 6 3 46 36
2 1 10 T 0 1 2 2 9 16 1 2 3 6 6 3 51 36
3 1 11 F 1 1 2 2 10 16 1 2 4 6 6 3 52 36
0 1 4 F 0 0 2 2 5 16 1 1 3 6 6 3 45 36
1 1 5 F 1 0 2 2 6 16 1 1 4 6 6 3 46 36
2 1 10 T 0 1 2 2 9 16 1 2 3 6 6 3 51 36
3 1 11 F 1 1 2 2 10 16 1 2 4 6 6 3 52 36
0 1 4 F 0 0 2 2 5 16 1 1 3 6 6 3 45 36
1 1 5 F 1 0 2 2 6 16 1 1 4 6 6 3 46 36
2 1 10 T 0 1 2 2 9 16 1 2 3 6 6 3 51 36
3 1 11 F 1 1 2 2 10 16 1 2 4 6 6 3 52 36
0 1 4 F 0 0 2 2 5 16 1 1 3 6 6 3 45 36
1 1 5 F 1 0 2 2 6 16 1 1 4 6 6 3 46 36
2 1 10 T 0 1 2 2 9 16 1 2 3 6 6 3 51 36
3 1 11 F 1 1 2 2 10 16 1 2 4 6 6 3 52 36
0 2 14 F 0 0 2 2 5 16 1 3 1 6 6 3 55 36
1 2 15 F 1 0 2 2 6 16 1 3 2 6 6 3 56 36
2 2 20 T 0 1 2 2 9 16 1 4 1 6 6 3 61 36
3 2 21 F 1 1 2 2 10 16 1 4 2 6 6 3 62 36
0 2 14 F 0 0 2 2 5 16 1 3 1 6 6 3 55 36
1 2 15 F 1 0 2 2 6 16 1 3 2 6 6 3 56 36
2 2 20 T 0 1 2 2 9 16 1 4 1 6 6 3 61 36
3 2 21 F 1 1 2 2 10 16 1 4 2 6 6 3 62 36
0 2 14 F 0 0 2 2 5 16 1 3 1 6 6 3 55 36
1 2 15 F 1 0 2 2 6 16 1 3 2 6 6 3 56 36
2 2 20 T 0 1 2 2 9 16 1 4 1 6 6 3 61 36
3 2 21 F 1 1 2 2 10 16 1 4 2 6 6 3 62 36
0 2 14 F 0 0 2 2 5 16 1 3 1 6 6 3 55 36
1 2 15 F 1 0 2 2 6 16 1 3 2 6 6 3 56 36
2 2 20 T 0 1 2 2 9 16 1 4 1 6 6 3 61 36
3 2 21 F 1 1 2 2 10 16 1 4 2 6 6 3 62 36
0 2 14 F 0 0 2 2 5 16 1 3 1 6 6 3 55 36
1 2 15 F 1 0 2 2 6 16 1 3 2 6 6 3 56 36
2 2 20 T 0 1 2 2 9 16 1 4 1 6 6 3 61 36
3 2 21 F 1 1 2 2 10 16 1 4 2 6 6 3 62 36
0 2 14 F 0 0 2 2 5 16 1 3 1 6 6 3 55 36
1 2 15 F 1 0 2 2 6 16 1 3 2 6 6 3 56 36
2 2 20 T 0 1 2 2 9 16 1 4 1 6 6 3 61 36
3 2 21 F 1 1 2 2 10 16 1 4 2 6 6 3 62 36
0 2 14 F 0 0 2 2 5 16 1 3 1 6 6 3 55 36
1 2 15 F 1 0 2 2 6 16 1 3 2 6 6 3 56 36
2 2 20 T 0 1 2 2 9 16 1 4 1 6 6 3 61 36
3 2 21 F 1 1 2 2 10 16 1 4 2 6 6 3 62 36
0 2 14 F 0 0 2 2 5 16 1 3 1 6 6 3 55 36
1 2 15 F 1 0 2 2 6 16 1 3 2 6 6 3 56 36
2 2 20 T 0 1 2 2 9 16 1 4 1 6 6 3 61 36
3 2 21 F 1 1 2 2 10 16 1 4 2 6 6 3 62 36
0 3 16 F 0 0 2 2 5 16 1 3 3 6 6 3 57 36
1 3 17 F 1 0 2 2 6 16 1 3 4 6 6 3 58 36
2 3 22 T 0 1 2 2 9 16 1 4 3 6 6 3 63 36
3 3 23 F 1 1 2 2 10 16 1 4 4 6 6 3 64 36
0 3 16 F 0 0 2 2 5 16 1 3 3 6 6 3 57 36
1 3 17 F 1 0 2 2 6 16 1 3 4 6 6 3 58 36
2 3 22 T 0 1 2 2 9 16 1 4 3 6 6 3 63 36
3 3 23 F 1 1 2 2 10 16 1 4 4 6 6 3 64 36
0 3 16 F 0 0 2 2 5 16 1 3 3 6 6 3 57 36
1 3 17 F 1 0 2 2 6 16 1 3 4 6 6 3 58 36
2 3 22 T 0 1 2 2 9 16 1 4 3 6 6 3 63 36
3 3 23 F 1 1 2 2 10 16 1 4 4 6 6 3 64 36
0 3 16 F 0 0 2 2 5 16 1 3 3 6 6 3 57 36
1 3 17 F 1 0 2 2 6 16 1 3 4 6 6 3 58 36
2 3 22 T 0 1 2 2 9 16 1 4 3 6 6 3 63 36
3 3 23 F 1 1 2 2 10 16 1 4 4 6 6 3 64 36
0 3 16 F 0 0 2 2 5 16 1 3 3 6 6 3 57 36
1 3 17 F 1 0 2 2 6 16 1 3 4 6 6 3 58 36
2 3 22 T 0 1 2 2 9 16 1 4 3 6 6 3 63 36
3 3 23 F 1 1 2 2 10 16 1 4 4 6 6 3 64 36
0 3 16 F 0 0 2 2 5 16 1 3 3 6 6 3 57 36
1 3 17 F 1 0 2 2 6 16 1 3 4 6 6 3 58 36
2 3 22 T 0 1 2 2 9 16 1 4 3 6 6 3 63 36
3 3 23 F 1 1 2 2 10 16 1 4 4 6 6 3 64 36
0 3 16 F 0 0 2 2 5 16 1 3 3 6 6 3 57 36
1 3 17 F 1 0 2 2 6 16 1 3 4 6 6 3 58 36
2 3 22 T 0 1 2 2 9 16 1 4 3 6 6 3 63 36
3 3 23 F 1 1 2 2 10 16 1 4 4 6 6 3 64 36
0 3 16 F 0 0 2 2 5 16 1 3 3 6 6 3 57 36
1 3 17 F 1 0 2 2 6 16 1 3 4 6 6 3 58 36
2 3 22 T 0 1 2 2 9 16 1 4 3 6 6 3 63 36
3 3 23 F 1 1 2 2 10 16 1 4 4 6 6 3 64 36
