0 0 168 N 0 0 5 4 0 20 1 1
1 0 169 N 1 0 5 4 1 20 1 1
2 0 170 N 2 0 5 4 2 20 1 1
3 0 171 N 3 0 5 4 3 20 1 1
4 0 172 N 4 0 5 4 4 20 1 1
5 0 180 N 0 1 5 4 5 20 1 2
6 0 181 0 1 1 5 4 6 20 1 2
7 0 182 1 2 1 5 4 7 20 1 2
8 0 183 2 3 1 5 4 8 20 1 2
9 0 184 3 4 1 5 4 9 20 1 2
10 0 192 N 0 2 5 4 10 20 1 3
11 0 193 5 1 2 5 4 11 20 1 3
12 0 194 6 2 2 5 4 12 20 1 3
13 0 195 7 3 2 5 4 13 20 1 3
14 0 196 8 4 2 5 4 14 20 1 3
15 0 204 N 0 3 5 4 15 20 1 4
16 0 205 10 1 3 5 4 16 20 1 4
17 0 206 11 2 3 5 4 17 20 1 4
18 0 207 12 3 3 5 4 18 20 1 4
19 0 208 13 4 3 5 4 19 20 1 4
0 0 168 N 0 0 5 4 0 20 1 1
1 0 169 N 1 0 5 4 1 20 1 1
2 0 170 N 2 0 5 4 2 20 1 1
3 0 171 N 3 0 5 4 3 20 1 1
4 0 172 N 4 0 5 4 4 20 1 1
5 0 180 N 0 1 5 4 5 20 1 2
6 0 181 0 1 1 5 4 6 20 1 2
7 0 182 1 2 1 5 4 7 20 1 2
8 0 183 2 3 1 5 4 8 20 1 2
9 0 184 3 4 1 5 4 9 20 1 2
10 0 192 N 0 2 5 4 10 20 1 3
11 0 193 5 1 2 5 4 11 20 1 3
12 0 194 6 2 2 5 4 12 20 1 3
13 0 195 7 3 2 5 4 13 20 1 3
14 0 196 8 4 2 5 4 14 20 1 3
15 0 204 N 0 3 5 4 15 20 1 4
16 0 205 10 1 3 5 4 16 20 1 4
17 0 206 11 2 3 5 4 17 20 1 4
18 0 207 12 3 3 5 4 18 20 1 4
19 0 208 13 4 3 5 4 19 20 1 4
0 0 336 N 0 0 5 4 0 20 2 1
1 0 337 N 1 0 5 4 1 20 2 1
2 0 338 N 2 0 5 4 2 20 2 1
3 0 339 N 3 0 5 4 3 20 2 1
4 0 340 N 4 0 5 4 4 20 2 1
5 0 348 N 0 1 5 4 5 20 2 2
6 0 349 0 1 1 5 4 6 20 2 2
7 0 350 1 2 1 5 4 7 20 2 2
8 0 351 2 3 1 5 4 8 20 2 2
9 0 352 3 4 1 5 4 9 20 2 2
10 0 360 N 0 2 5 4 10 20 2 3
11 0 361 5 1 2 5 4 11 20 2 3
12 0 362 6 2 2 5 4 12 20 2 3
13 0 363 7 3 2 5 4 13 20 2 3
14 0 364 8 4 2 5 4 14 20 2 3
15 0 372 N 0 3 5 4 15 20 2 4
16 0 373 10 1 3 5 4 16 20 2 4
17 0 374 11 2 3 5 4 17 20 2 4
18 0 375 12 3 3 5 4 18 20 2 4
19 0 376 13 4 3 5 4 19 20 2 4
0 0 336 N 0 0 5 4 0 20 2 1
1 0 337 N 1 0 5 4 1 20 2 1
2 0 338 N 2 0 5 4 2 20 2 1
3 0 339 N 3 0 5 4 3 20 2 1
4 0 340 N 4 0 5 4 4 20 2 1
5 0 348 N 0 1 5 4 5 20 2 2
6 0 349 0 1 1 5 4 6 20 2 2
7 0 350 1 2 1 5 4 7 20 2 2
8 0 351 2 3 1 5 4 8 20 2 2
9 0 352 3 4 1 5 4 9 20 2 2
10 0 360 N 0 2 5 4 10 20 2 3
11 0 361 5 1 2 5 4 11 20 2 3
12 0 362 6 2 2 5 4 12 20 2 3
13 0 363 7 3 2 5 4 13 20 2 3
14 0 364 8 4 2 5 4 14 20 2 3
15 0 372 N 0 3 5 4 15 20 2 4
16 0 373 10 1 3 5 4 16 20 2 4
17 0 374 11 2 3 5 4 17 20 2 4
18 0 375 12 3 3 5 4 18 20 2 4
19 0 376 13 4 3 5 4 19 20 2 4
0 0 168 N 0 0 5 4 0 20 1 1
1 0 169 N 1 0 5 4 1 20 1 1
2 0 170 N 2 0 5 4 2 20 1 1
3 0 171 N 3 0 5 4 3 20 1 1
4 0 172 N 4 0 5 4 4 20 1 1
5 0 180 N 0 1 5 4 5 20 1 2
6 0 181 0 1 1 5 4 6 20 1 2
7 0 182 1 2 1 5 4 7 20 1 2
8 0 183 2 3 1 5 4 8 20 1 2
9 0 184 3 4 1 5 4 9 20 1 2
10 0 192 N 0 2 5 4 10 20 1 3
11 0 193 5 1 2 5 4 11 20 1 3
12 0 194 6 2 2 5 4 12 20 1 3
13 0 195 7 3 2 5 4 13 20 1 3
14 0 196 8 4 2 5 4 14 20 1 3
15 0 204 N 0 3 5 4 15 20 1 4
16 0 205 10 1 3 5 4 16 20 1 4
17 0 206 11 2 3 5 4 17 20 1 4
18 0 207 12 3 3 5 4 18 20 1 4
19 0 208 13 4 3 5 4 19 20 1 4
0 0 168 N 0 0 5 4 0 20 1 1
1 0 169 N 1 0 5 4 1 20 1 1
2 0 170 N 2 0 5 4 2 20 1 1
3 0 171 N 3 0 5 4 3 20 1 1
4 0 172 N 4 0 5 4 4 20 1 1
5 0 180 N 0 1 5 4 5 20 1 2
6 0 181 0 1 1 5 4 6 20 1 2
7 0 182 1 2 1 5 4 7 20 1 2
8 0 183 2 3 1 5 4 8 20 1 2
9 0 184 3 4 1 5 4 9 20 1 2
10 0 192 N 0 2 5 4 10 20 1 3
11 0 193 5 1 2 5 4 11 20 1 3
12 0 194 6 2 2 5 4 12 20 1 3
13 0 195 7 3 2 5 4 13 20 1 3
14 0 196 8 4 2 5 4 14 20 1 3
15 0 204 N 0 3 5 4 15 20 1 4
16 0 205 10 1 3 5 4 16 20 1 4
17 0 206 11 2 3 5 4 17 20 1 4
18 0 207 12 3 3 5 4 18 20 1 4
19 0 208 13 4 3 5 4 19 20 1 4
0 0 336 N 0 0 5 4 0 20 2 1
1 0 337 N 1 0 5 4 1 20 2 1
2 0 338 N 2 0 5 4 2 20 2 1
3 0 339 N 3 0 5 4 3 20 2 1
4 0 340 N 4 0 5 4 4 20 2 1
5 0 348 N 0 1 5 4 5 20 2 2
6 0 349 0 1 1 5 4 6 20 2 2
7 0 350 1 2 1 5 4 7 20 2 2
8 0 351 2 3 1 5 4 8 20 2 2
9 0 352 3 4 1 5 4 9 20 2 2
10 0 360 N 0 2 5 4 10 20 2 3
11 0 361 5 1 2 5 4 11 20 2 3
12 0 362 6 2 2 5 4 12 20 2 3
13 0 363 7 3 2 5 4 13 20 2 3
14 0 364 8 4 2 5 4 14 20 2 3
15 0 372 N 0 3 5 4 15 20 2 4
16 0 373 10 1 3 5 4 16 20 2 4
17 0 374 11 2 3 5 4 17 20 2 4
18 0 375 12 3 3 5 4 18 20 2 4
19 0 376 13 4 3 5 4 19 20 2 4
0 0 336 N 0 0 5 4 0 20 2 1
1 0 337 N 1 0 5 4 1 20 2 1
2 0 338 N 2 0 5 4 2 20 2 1
3 0 339 N 3 0 5 4 3 20 2 1
4 0 340 N 4 0 5 4 4 20 2 1
5 0 348 N 0 1 5 4 5 20 2 2
6 0 349 0 1 1 5 4 6 20 2 2
7 0 350 1 2 1 5 4 7 20 2 2
8 0 351 2 3 1 5 4 8 20 2 2
9 0 352 3 4 1 5 4 9 20 2 2
10 0 360 N 0 2 5 4 10 20 2 3
11 0 361 5 1 2 5 4 11 20 2 3
12 0 362 6 2 2 5 4 12 20 2 3
13 0 363 7 3 2 5 4 13 20 2 3
14 0 364 8 4 2 5 4 14 20 2 3
15 0 372 N 0 3 5 4 15 20 2 4
16 0 373 10 1 3 5 4 16 20 2 4
17 0 374 11 2 3 5 4 17 20 2 4
18 0 375 12 3 3 5 4 18 20 2 4
19 0 376 13 4 3 5 4 19 20 2 4
0 0 168 N 0 0 5 4 0 20 1 1
1 0 169 N 1 0 5 4 1 20 1 1
2 0 170 N 2 0 5 4 2 20 1 1
3 0 171 N 3 0 5 4 3 20 1 1
4 0 172 N 4 0 5 4 4 20 1 1
5 0 180 N 0 1 5 4 5 20 1 2
6 0 181 0 1 1 5 4 6 20 1 2
7 0 182 1 2 1 5 4 7 20 1 2
8 0 183 2 3 1 5 4 8 20 1 2
9 0 184 3 4 1 5 4 9 20 1 2
10 0 192 N 0 2 5 4 10 20 1 3
11 0 193 5 1 2 5 4 11 20 1 3
12 0 194 6 2 2 5 4 12 20 1 3
13 0 195 7 3 2 5 4 13 20 1 3
14 0 196 8 4 2 5 4 14 20 1 3
15 0 204 N 0 3 5 4 15 20 1 4
16 0 205 10 1 3 5 4 16 20 1 4
17 0 206 11 2 3 5 4 17 20 1 4
18 0 207 12 3 3 5 4 18 20 1 4
19 0 208 13 4 3 5 4 19 20 1 4
0 0 168 N 0 0 5 4 0 20 1 1
1 0 169 N 1 0 5 4 1 20 1 1
2 0 170 N 2 0 5 4 2 20 1 1
3 0 171 N 3 0 5 4 3 20 1 1
4 0 172 N 4 0 5 4 4 20 1 1
5 0 180 N 0 1 5 4 5 20 1 2
6 0 181 0 1 1 5 4 6 20 1 2
7 0 182 1 2 1 5 4 7 20 1 2
8 0 183 2 3 1 5 4 8 20 1 2
9 0 184 3 4 1 5 4 9 20 1 2
10 0 192 N 0 2 5 4 10 20 1 3
11 0 193 5 1 2 5 4 11 20 1 3
12 0 194 6 2 2 5 4 12 20 1 3
13 0 195 7 3 2 5 4 13 20 1 3
14 0 196 8 4 2 5 4 14 20 1 3
15 0 204 N 0 3 5 4 15 20 1 4
16 0 205 10 1 3 5 4 16 20 1 4
17 0 206 11 2 3 5 4 17 20 1 4
18 0 207 12 3 3 5 4 18 20 1 4
19 0 208 13 4 3 5 4 19 20 1 4
0 0 336 N 0 0 5 4 0 20 2 1
1 0 337 N 1 0 5 4 1 20 2 1
2 0 338 N 2 0 5 4 2 20 2 1
3 0 339 N 3 0 5 4 3 20 2 1
4 0 340 N 4 0 5 4 4 20 2 1
5 0 348 N 0 1 5 4 5 20 2 2
6 0 349 0 1 1 5 4 6 20 2 2
7 0 350 1 2 1 5 4 7 20 2 2
8 0 351 2 3 1 5 4 8 20 2 2
9 0 352 3 4 1 5 4 9 20 2 2
10 0 360 N 0 2 5 4 10 20 2 3
11 0 361 5 1 2 5 4 11 20 2 3
12 0 362 6 2 2 5 4 12 20 2 3
13 0 363 7 3 2 5 4 13 20 2 3
14 0 364 8 4 2 5 4 14 20 2 3
15 0 372 N 0 3 5 4 15 20 2 4
16 0 373 10 1 3 5 4 16 20 2 4
17 0 374 11 2 3 5 4 17 20 2 4
18 0 375 12 3 3 5 4 18 20 2 4
19 0 376 13 4 3 5 4 19 20 2 4
0 0 336 N 0 0 5 4 0 20 2 1
1 0 337 N 1 0 5 4 1 20 2 1
2 0 338 N 2 0 5 4 2 20 2 1
3 0 339 N 3 0 5 4 3 20 2 1
4 0 340 N 4 0 5 4 4 20 2 1
5 0 348 N 0 1 5 4 5 20 2 2
6 0 349 0 1 1 5 4 6 20 2 2
7 0 350 1 2 1 5 4 7 20 2 2
8 0 351 2 3 1 5 4 8 20 2 2
9 0 352 3 4 1 5 4 9 20 2 2
10 0 360 N 0 2 5 4 10 20 2 3
11 0 361 5 1 2 5 4 11 20 2 3
12 0 362 6 2 2 5 4 12 20 2 3
13 0 363 7 3 2 5 4 13 20 2 3
14 0 364 8 4 2 5 4 14 20 2 3
15 0 372 N 0 3 5 4 15 20 2 4
16 0 373 10 1 3 5 4 16 20 2 4
17 0 374 11 2 3 5 4 17 20 2 4
18 0 375 12 3 3 5 4 18 20 2 4
19 0 376 13 4 3 5 4 19 20 2 4
0 1 173 N 0 0 5 4 0 20 1 1
1 1 174 N 1 0 5 4 1 20 1 1
2 1 175 N 2 0 5 4 2 20 1 1
3 1 176 N 3 0 5 4 3 20 1 1
4 1 177 N 4 0 5 4 4 20 1 1
5 1 185 N 0 1 5 4 5 20 1 2
6 1 186 0 1 1 5 4 6 20 1 2
7 1 187 1 2 1 5 4 7 20 1 2
8 1 188 2 3 1 5 4 8 20 1 2
9 1 189 3 4 1 5 4 9 20 1 2
10 1 197 N 0 2 5 4 10 20 1 3
11 1 198 5 1 2 5 4 11 20 1 3
12 1 199 6 2 2 5 4 12 20 1 3
13 1 200 7 3 2 5 4 13 20 1 3
14 1 201 8 4 2 5 4 14 20 1 3
15 1 209 N 0 3 5 4 15 20 1 4
16 1 210 10 1 3 5 4 16 20 1 4
17 1 211 11 2 3 5 4 17 20 1 4
18 1 212 12 3 3 5 4 18 20 1 4
19 1 213 13 4 3 5 4 19 20 1 4
0 1 173 N 0 0 5 4 0 20 1 1
1 1 174 N 1 0 5 4 1 20 1 1
2 1 175 N 2 0 5 4 2 20 1 1
3 1 176 N 3 0 5 4 3 20 1 1
4 1 177 N 4 0 5 4 4 20 1 1
5 1 185 N 0 1 5 4 5 20 1 2
6 1 186 0 1 1 5 4 6 20 1 2
7 1 187 1 2 1 5 4 7 20 1 2
8 1 188 2 3 1 5 4 8 20 1 2
9 1 189 3 4 1 5 4 9 20 1 2
10 1 197 N 0 2 5 4 10 20 1 3
11 1 198 5 1 2 5 4 11 20 1 3
12 1 199 6 2 2 5 4 12 20 1 3
13 1 200 7 3 2 5 4 13 20 1 3
14 1 201 8 4 2 5 4 14 20 1 3
15 1 209 N 0 3 5 4 15 20 1 4
16 1 210 10 1 3 5 4 16 20 1 4
17 1 211 11 2 3 5 4 17 20 1 4
18 1 212 12 3 3 5 4 18 20 1 4
19 1 213 13 4 3 5 4 19 20 1 4
0 1 341 N 0 0 5 4 0 20 2 1
1 1 342 N 1 0 5 4 1 20 2 1
2 1 343 N 2 0 5 4 2 20 2 1
3 1 344 N 3 0 5 4 3 20 2 1
4 1 345 N 4 0 5 4 4 20 2 1
5 1 353 N 0 1 5 4 5 20 2 2
6 1 354 0 1 1 5 4 6 20 2 2
7 1 355 1 2 1 5 4 7 20 2 2
8 1 356 2 3 1 5 4 8 20 2 2
9 1 357 3 4 1 5 4 9 20 2 2
10 1 365 N 0 2 5 4 10 20 2 3
11 1 366 5 1 2 5 4 11 20 2 3
12 1 367 6 2 2 5 4 12 20 2 3
13 1 368 7 3 2 5 4 13 20 2 3
14 1 369 8 4 2 5 4 14 20 2 3
15 1 377 N 0 3 5 4 15 20 2 4
16 1 378 10 1 3 5 4 16 20 2 4
17 1 379 11 2 3 5 4 17 20 2 4
18 1 380 12 3 3 5 4 18 20 2 4
19 1 381 13 4 3 5 4 19 20 2 4
0 1 341 N 0 0 5 4 0 20 2 1
1 1 342 N 1 0 5 4 1 20 2 1
2 1 343 N 2 0 5 4 2 20 2 1
3 1 344 N 3 0 5 4 3 20 2 1
4 1 345 N 4 0 5 4 4 20 2 1
5 1 353 N 0 1 5 4 5 20 2 2
6 1 354 0 1 1 5 4 6 20 2 2
7 1 355 1 2 1 5 4 7 20 2 2
8 1 356 2 3 1 5 4 8 20 2 2
9 1 357 3 4 1 5 4 9 20 2 2
10 1 365 N 0 2 5 4 10 20 2 3
11 1 366 5 1 2 5 4 11 20 2 3
12 1 367 6 2 2 5 4 12 20 2 3
13 1 368 7 3 2 5 4 13 20 2 3
14 1 369 8 4 2 5 4 14 20 2 3
15 1 377 N 0 3 5 4 15 20 2 4
16 1 378 10 1 3 5 4 16 20 2 4
17 1 379 11 2 3 5 4 17 20 2 4
18 1 380 12 3 3 5 4 18 20 2 4
19 1 381 13 4 3 5 4 19 20 2 4
0 1 173 N 0 0 5 4 0 20 1 1
1 1 174 N 1 0 5 4 1 20 1 1
2 1 175 N 2 0 5 4 2 20 1 1
3 1 176 N 3 0 5 4 3 20 1 1
4 1 177 N 4 0 5 4 4 20 1 1
5 1 185 N 0 1 5 4 5 20 1 2
6 1 186 0 1 1 5 4 6 20 1 2
7 1 187 1 2 1 5 4 7 20 1 2
8 1 188 2 3 1 5 4 8 20 1 2
9 1 189 3 4 1 5 4 9 20 1 2
10 1 197 N 0 2 5 4 10 20 1 3
11 1 198 5 1 2 5 4 11 20 1 3
12 1 199 6 2 2 5 4 12 20 1 3
13 1 200 7 3 2 5 4 13 20 1 3
14 1 201 8 4 2 5 4 14 20 1 3
15 1 209 N 0 3 5 4 15 20 1 4
16 1 210 10 1 3 5 4 16 20 1 4
17 1 211 11 2 3 5 4 17 20 1 4
18 1 212 12 3 3 5 4 18 20 1 4
19 1 213 13 4 3 5 4 19 20 1 4
0 1 173 N 0 0 5 4 0 20 1 1
1 1 174 N 1 0 5 4 1 20 1 1
2 1 175 N 2 0 5 4 2 20 1 1
3 1 176 N 3 0 5 4 3 20 1 1
4 1 177 N 4 0 5 4 4 20 1 1
5 1 185 N 0 1 5 4 5 20 1 2
6 1 186 0 1 1 5 4 6 20 1 2
7 1 187 1 2 1 5 4 7 20 1 2
8 1 188 2 3 1 5 4 8 20 1 2
9 1 189 3 4 1 5 4 9 20 1 2
10 1 197 N 0 2 5 4 10 20 1 3
11 1 198 5 1 2 5 4 11 20 1 3
12 1 199 6 2 2 5 4 12 20 1 3
13 1 200 7 3 2 5 4 13 20 1 3
14 1 201 8 4 2 5 4 14 20 1 3
15 1 209 N 0 3 5 4 15 20 1 4
16 1 210 10 1 3 5 4 16 20 1 4
17 1 211 11 2 3 5 4 17 20 1 4
18 1 212 12 3 3 5 4 18 20 1 4
19 1 213 13 4 3 5 4 19 20 1 4
0 1 341 N 0 0 5 4 0 20 2 1
1 1 342 N 1 0 5 4 1 20 2 1
2 1 343 N 2 0 5 4 2 20 2 1
3 1 344 N 3 0 5 4 3 20 2 1
4 1 345 N 4 0 5 4 4 20 2 1
5 1 353 N 0 1 5 4 5 20 2 2
6 1 354 0 1 1 5 4 6 20 2 2
7 1 355 1 2 1 5 4 7 20 2 2
8 1 356 2 3 1 5 4 8 20 2 2
9 1 357 3 4 1 5 4 9 20 2 2
10 1 365 N 0 2 5 4 10 20 2 3
11 1 366 5 1 2 5 4 11 20 2 3
12 1 367 6 2 2 5 4 12 20 2 3
13 1 368 7 3 2 5 4 13 20 2 3
14 1 369 8 4 2 5 4 14 20 2 3
15 1 377 N 0 3 5 4 15 20 2 4
16 1 378 10 1 3 5 4 16 20 2 4
17 1 379 11 2 3 5 4 17 20 2 4
18 1 380 12 3 3 5 4 18 20 2 4
19 1 381 13 4 3 5 4 19 20 2 4
0 1 341 N 0 0 5 4 0 20 2 1
1 1 342 N 1 0 5 4 1 20 2 1
2 1 343 N 2 0 5 4 2 20 2 1
3 1 344 N 3 0 5 4 3 20 2 1
4 1 345 N 4 0 5 4 4 20 2 1
5 1 353 N 0 1 5 4 5 20 2 2
6 1 354 0 1 1 5 4 6 20 2 2
7 1 355 1 2 1 5 4 7 20 2 2
8 1 356 2 3 1 5 4 8 20 2 2
9 1 357 3 4 1 5 4 9 20 2 2
10 1 365 N 0 2 5 4 10 20 2 3
11 1 366 5 1 2 5 4 11 20 2 3
12 1 367 6 2 2 5 4 12 20 2 3
13 1 368 7 3 2 5 4 13 20 2 3
14 1 369 8 4 2 5 4 14 20 2 3
15 1 377 N 0 3 5 4 15 20 2 4
16 1 378 10 1 3 5 4 16 20 2 4
17 1 379 11 2 3 5 4 17 20 2 4
18 1 380 12 3 3 5 4 18 20 2 4
19 1 381 13 4 3 5 4 19 20 2 4
0 1 173 N 0 0 5 4 0 20 1 1
1 1 174 N 1 0 5 4 1 20 1 1
2 1 175 N 2 0 5 4 2 20 1 1
3 1 176 N 3 0 5 4 3 20 1 1
4 1 177 N 4 0 5 4 4 20 1 1
5 1 185 N 0 1 5 4 5 20 1 2
6 1 186 0 1 1 5 4 6 20 1 2
7 1 187 1 2 1 5 4 7 20 1 2
8 1 188 2 3 1 5 4 8 20 1 2
9 1 189 3 4 1 5 4 9 20 1 2
10 1 197 N 0 2 5 4 10 20 1 3
11 1 198 5 1 2 5 4 11 20 1 3
12 1 199 6 2 2 5 4 12 20 1 3
13 1 200 7 3 2 5 4 13 20 1 3
14 1 201 8 4 2 5 4 14 20 1 3
15 1 209 N 0 3 5 4 15 20 1 4
16 1 210 10 1 3 5 4 16 20 1 4
17 1 211 11 2 3 5 4 17 20 1 4
18 1 212 12 3 3 5 4 18 20 1 4
19 1 213 13 4 3 5 4 19 20 1 4
0 1 173 N 0 0 5 4 0 20 1 1
1 1 174 N 1 0 5 4 1 20 1 1
2 1 175 N 2 0 5 4 2 20 1 1
3 1 176 N 3 0 5 4 3 20 1 1
4 1 177 N 4 0 5 4 4 20 1 1
5 1 185 N 0 1 5 4 5 20 1 2
6 1 186 0 1 1 5 4 6 20 1 2
7 1 187 1 2 1 5 4 7 20 1 2
8 1 188 2 3 1 5 4 8 20 1 2
9 1 189 3 4 1 5 4 9 20 1 2
10 1 197 N 0 2 5 4 10 20 1 3
11 1 198 5 1 2 5 4 11 20 1 3
12 1 199 6 2 2 5 4 12 20 1 3
13 1 200 7 3 2 5 4 13 20 1 3
14 1 201 8 4 2 5 4 14 20 1 3
15 1 209 N 0 3 5 4 15 20 1 4
16 1 210 10 1 3 5 4 16 20 1 4
17 1 211 11 2 3 5 4 17 20 1 4
18 1 212 12 3 3 5 4 18 20 1 4
19 1 213 13 4 3 5 4 19 20 1 4
0 1 341 N 0 0 5 4 0 20 2 1
1 1 342 N 1 0 5 4 1 20 2 1
2 1 343 N 2 0 5 4 2 20 2 1
3 1 344 N 3 0 5 4 3 20 2 1
4 1 345 N 4 0 5 4 4 20 2 1
5 1 353 N 0 1 5 4 5 20 2 2
6 1 354 0 1 1 5 4 6 20 2 2
7 1 355 1 2 1 5 4 7 20 2 2
8 1 356 2 3 1 5 4 8 20 2 2
9 1 357 3 4 1 5 4 9 20 2 2
10 1 365 N 0 2 5 4 10 20 2 3
11 1 366 5 1 2 5 4 11 20 2 3
12 1 367 6 2 2 5 4 12 20 2 3
13 1 368 7 3 2 5 4 13 20 2 3
14 1 369 8 4 2 5 4 14 20 2 3
15 1 377 N 0 3 5 4 15 20 2 4
16 1 378 10 1 3 5 4 16 20 2 4
17 1 379 11 2 3 5 4 17 20 2 4
18 1 380 12 3 3 5 4 18 20 2 4
19 1 381 13 4 3 5 4 19 20 2 4
0 1 341 N 0 0 5 4 0 20 2 1
1 1 342 N 1 0 5 4 1 20 2 1
2 1 343 N 2 0 5 4 2 20 2 1
3 1 344 N 3 0 5 4 3 20 2 1
4 1 345 N 4 0 5 4 4 20 2 1
5 1 353 N 0 1 5 4 5 20 2 2
6 1 354 0 1 1 5 4 6 20 2 2
7 1 355 1 2 1 5 4 7 20 2 2
8 1 356 2 3 1 5 4 8 20 2 2
9 1 357 3 4 1 5 4 9 20 2 2
10 1 365 N 0 2 5 4 10 20 2 3
11 1 366 5 1 2 5 4 11 20 2 3
12 1 367 6 2 2 5 4 12 20 2 3
13 1 368 7 3 2 5 4 13 20 2 3
14 1 369 8 4 2 5 4 14 20 2 3
15 1 377 N 0 3 5 4 15 20 2 4
16 1 378 10 1 3 5 4 16 20 2 4
17 1 379 11 2 3 5 4 17 20 2 4
18 1 380 12 3 3 5 4 18 20 2 4
19 1 381 13 4 3 5 4 19 20 2 4
0 2 216 N 0 0 5 4 0 20 1 5
1 2 217 N 1 0 5 4 1 20 1 5
2 2 218 N 2 0 5 4 2 20 1 5
3 2 219 N 3 0 5 4 3 20 1 5
4 2 220 N 4 0 5 4 4 20 1 5
5 2 228 N 0 1 5 4 5 20 1 6
6 2 229 0 1 1 5 4 6 20 1 6
7 2 230 1 2 1 5 4 7 20 1 6
8 2 231 2 3 1 5 4 8 20 1 6
9 2 232 3 4 1 5 4 9 20 1 6
10 2 240 N 0 2 5 4 10 20 1 7
11 2 241 5 1 2 5 4 11 20 1 7
12 2 242 6 2 2 5 4 12 20 1 7
13 2 243 7 3 2 5 4 13 20 1 7
14 2 244 8 4 2 5 4 14 20 1 7
15 2 252 N 0 3 5 4 15 20 1 8
16 2 253 10 1 3 5 4 16 20 1 8
17 2 254 11 2 3 5 4 17 20 1 8
18 2 255 12 3 3 5 4 18 20 1 8
19 2 256 13 4 3 5 4 19 20 1 8
0 2 216 N 0 0 5 4 0 20 1 5
1 2 217 N 1 0 5 4 1 20 1 5
2 2 218 N 2 0 5 4 2 20 1 5
3 2 219 N 3 0 5 4 3 20 1 5
4 2 220 N 4 0 5 4 4 20 1 5
5 2 228 N 0 1 5 4 5 20 1 6
6 2 229 0 1 1 5 4 6 20 1 6
7 2 230 1 2 1 5 4 7 20 1 6
8 2 231 2 3 1 5 4 8 20 1 6
9 2 232 3 4 1 5 4 9 20 1 6
10 2 240 N 0 2 5 4 10 20 1 7
11 2 241 5 1 2 5 4 11 20 1 7
12 2 242 6 2 2 5 4 12 20 1 7
13 2 243 7 3 2 5 4 13 20 1 7
14 2 244 8 4 2 5 4 14 20 1 7
15 2 252 N 0 3 5 4 15 20 1 8
16 2 253 10 1 3 5 4 16 20 1 8
17 2 254 11 2 3 5 4 17 20 1 8
18 2 255 12 3 3 5 4 18 20 1 8
19 2 256 13 4 3 5 4 19 20 1 8
0 2 384 N 0 0 5 4 0 20 2 5
1 2 385 N 1 0 5 4 1 20 2 5
2 2 386 N 2 0 5 4 2 20 2 5
3 2 387 N 3 0 5 4 3 20 2 5
4 2 388 N 4 0 5 4 4 20 2 5
5 2 396 N 0 1 5 4 5 20 2 6
6 2 397 0 1 1 5 4 6 20 2 6
7 2 398 1 2 1 5 4 7 20 2 6
8 2 399 2 3 1 5 4 8 20 2 6
9 2 400 3 4 1 5 4 9 20 2 6
10 2 408 N 0 2 5 4 10 20 2 7
11 2 409 5 1 2 5 4 11 20 2 7
12 2 410 6 2 2 5 4 12 20 2 7
13 2 411 7 3 2 5 4 13 20 2 7
14 2 412 8 4 2 5 4 14 20 2 7
15 2 420 N 0 3 5 4 15 20 2 8
16 2 421 10 1 3 5 4 16 20 2 8
17 2 422 11 2 3 5 4 17 20 2 8
18 2 423 12 3 3 5 4 18 20 2 8
19 2 424 13 4 3 5 4 19 20 2 8
0 2 384 N 0 0 5 4 0 20 2 5
1 2 385 N 1 0 5 4 1 20 2 5
2 2 386 N 2 0 5 4 2 20 2 5
3 2 387 N 3 0 5 4 3 20 2 5
4 2 388 N 4 0 5 4 4 20 2 5
5 2 396 N 0 1 5 4 5 20 2 6
6 2 397 0 1 1 5 4 6 20 2 6
7 2 398 1 2 1 5 4 7 20 2 6
8 2 399 2 3 1 5 4 8 20 2 6
9 2 400 3 4 1 5 4 9 20 2 6
10 2 408 N 0 2 5 4 10 20 2 7
11 2 409 5 1 2 5 4 11 20 2 7
12 2 410 6 2 2 5 4 12 20 2 7
13 2 411 7 3 2 5 4 13 20 2 7
14 2 412 8 4 2 5 4 14 20 2 7
15 2 420 N 0 3 5 4 15 20 2 8
16 2 421 10 1 3 5 4 16 20 2 8
17 2 422 11 2 3 5 4 17 20 2 8
18 2 423 12 3 3 5 4 18 20 2 8
19 2 424 13 4 3 5 4 19 20 2 8
0 2 216 N 0 0 5 4 0 20 1 5
1 2 217 N 1 0 5 4 1 20 1 5
2 2 218 N 2 0 5 4 2 20 1 5
3 2 219 N 3 0 5 4 3 20 1 5
4 2 220 N 4 0 5 4 4 20 1 5
5 2 228 N 0 1 5 4 5 20 1 6
6 2 229 0 1 1 5 4 6 20 1 6
7 2 230 1 2 1 5 4 7 20 1 6
8 2 231 2 3 1 5 4 8 20 1 6
9 2 232 3 4 1 5 4 9 20 1 6
10 2 240 N 0 2 5 4 10 20 1 7
11 2 241 5 1 2 5 4 11 20 1 7
12 2 242 6 2 2 5 4 12 20 1 7
13 2 243 7 3 2 5 4 13 20 1 7
14 2 244 8 4 2 5 4 14 20 1 7
15 2 252 N 0 3 5 4 15 20 1 8
16 2 253 10 1 3 5 4 16 20 1 8
17 2 254 11 2 3 5 4 17 20 1 8
18 2 255 12 3 3 5 4 18 20 1 8
19 2 256 13 4 3 5 4 19 20 1 8
0 2 216 N 0 0 5 4 0 20 1 5
1 2 217 N 1 0 5 4 1 20 1 5
2 2 218 N 2 0 5 4 2 20 1 5
3 2 219 N 3 0 5 4 3 20 1 5
4 2 220 N 4 0 5 4 4 20 1 5
5 2 228 N 0 1 5 4 5 20 1 6
6 2 229 0 1 1 5 4 6 20 1 6
7 2 230 1 2 1 5 4 7 20 1 6
8 2 231 2 3 1 5 4 8 20 1 6
9 2 232 3 4 1 5 4 9 20 1 6
10 2 240 N 0 2 5 4 10 20 1 7
11 2 241 5 1 2 5 4 11 20 1 7
12 2 242 6 2 2 5 4 12 20 1 7
13 2 243 7 3 2 5 4 13 20 1 7
14 2 244 8 4 2 5 4 14 20 1 7
15 2 252 N 0 3 5 4 15 20 1 8
16 2 253 10 1 3 5 4 16 20 1 8
17 2 254 11 2 3 5 4 17 20 1 8
18 2 255 12 3 3 5 4 18 20 1 8
19 2 256 13 4 3 5 4 19 20 1 8
0 2 384 N 0 0 5 4 0 20 2 5
1 2 385 N 1 0 5 4 1 20 2 5
2 2 386 N 2 0 5 4 2 20 2 5
3 2 387 N 3 0 5 4 3 20 2 5
4 2 388 N 4 0 5 4 4 20 2 5
5 2 396 N 0 1 5 4 5 20 2 6
6 2 397 0 1 1 5 4 6 20 2 6
7 2 398 1 2 1 5 4 7 20 2 6
8 2 399 2 3 1 5 4 8 20 2 6
9 2 400 3 4 1 5 4 9 20 2 6
10 2 408 N 0 2 5 4 10 20 2 7
11 2 409 5 1 2 5 4 11 20 2 7
12 2 410 6 2 2 5 4 12 20 2 7
13 2 411 7 3 2 5 4 13 20 2 7
14 2 412 8 4 2 5 4 14 20 2 7
15 2 420 N 0 3 5 4 15 20 2 8
16 2 421 10 1 3 5 4 16 20 2 8
17 2 422 11 2 3 5 4 17 20 2 8
18 2 423 12 3 3 5 4 18 20 2 8
19 2 424 13 4 3 5 4 19 20 2 8
0 2 384 N 0 0 5 4 0 20 2 5
1 2 385 N 1 0 5 4 1 20 2 5
2 2 386 N 2 0 5 4 2 20 2 5
3 2 387 N 3 0 5 4 3 20 2 5
4 2 388 N 4 0 5 4 4 20 2 5
5 2 396 N 0 1 5 4 5 20 2 6
6 2 397 0 1 1 5 4 6 20 2 6
7 2 398 1 2 1 5 4 7 20 2 6
8 2 399 2 3 1 5 4 8 20 2 6
9 2 400 3 4 1 5 4 9 20 2 6
10 2 408 N 0 2 5 4 10 20 2 7
11 2 409 5 1 2 5 4 11 20 2 7
12 2 410 6 2 2 5 4 12 20 2 7
13 2 411 7 3 2 5 4 13 20 2 7
14 2 412 8 4 2 5 4 14 20 2 7
15 2 420 N 0 3 5 4 15 20 2 8
16 2 421 10 1 3 5 4 16 20 2 8
17 2 422 11 2 3 5 4 17 20 2 8
18 2 423 12 3 3 5 4 18 20 2 8
19 2 424 13 4 3 5 4 19 20 2 8
0 2 216 N 0 0 5 4 0 20 1 5
1 2 217 N 1 0 5 4 1 20 1 5
2 2 218 N 2 0 5 4 2 20 1 5
3 2 219 N 3 0 5 4 3 20 1 5
4 2 220 N 4 0 5 4 4 20 1 5
5 2 228 N 0 1 5 4 5 20 1 6
6 2 229 0 1 1 5 4 6 20 1 6
7 2 230 1 2 1 5 4 7 20 1 6
8 2 231 2 3 1 5 4 8 20 1 6
9 2 232 3 4 1 5 4 9 20 1 6
10 2 240 N 0 2 5 4 10 20 1 7
11 2 241 5 1 2 5 4 11 20 1 7
12 2 242 6 2 2 5 4 12 20 1 7
13 2 243 7 3 2 5 4 13 20 1 7
14 2 244 8 4 2 5 4 14 20 1 7
15 2 252 N 0 3 5 4 15 20 1 8
16 2 253 10 1 3 5 4 16 20 1 8
17 2 254 11 2 3 5 4 17 20 1 8
18 2 255 12 3 3 5 4 18 20 1 8
19 2 256 13 4 3 5 4 19 20 1 8
0 2 216 N 0 0 5 4 0 20 1 5
1 2 217 N 1 0 5 4 1 20 1 5
2 2 218 N 2 0 5 4 2 20 1 5
3 2 219 N 3 0 5 4 3 20 1 5
4 2 220 N 4 0 5 4 4 20 1 5
5 2 228 N 0 1 5 4 5 20 1 6
6 2 229 0 1 1 5 4 6 20 1 6
7 2 230 1 2 1 5 4 7 20 1 6
8 2 231 2 3 1 5 4 8 20 1 6
9 2 232 3 4 1 5 4 9 20 1 6
10 2 240 N 0 2 5 4 10 20 1 7
11 2 241 5 1 2 5 4 11 20 1 7
12 2 242 6 2 2 5 4 12 20 1 7
13 2 243 7 3 2 5 4 13 20 1 7
14 2 244 8 4 2 5 4 14 20 1 7
15 2 252 N 0 3 5 4 15 20 1 8
16 2 253 10 1 3 5 4 16 20 1 8
17 2 254 11 2 3 5 4 17 20 1 8
18 2 255 12 3 3 5 4 18 20 1 8
19 2 256 13 4 3 5 4 19 20 1 8
0 2 384 N 0 0 5 4 0 20 2 5
1 2 385 N 1 0 5 4 1 20 2 5
2 2 386 N 2 0 5 4 2 20 2 5
3 2 387 N 3 0 5 4 3 20 2 5
4 2 388 N 4 0 5 4 4 20 2 5
5 2 396 N 0 1 5 4 5 20 2 6
6 2 397 0 1 1 5 4 6 20 2 6
7 2 398 1 2 1 5 4 7 20 2 6
8 2 399 2 3 1 5 4 8 20 2 6
9 2 400 3 4 1 5 4 9 20 2 6
10 2 408 N 0 2 5 4 10 20 2 7
11 2 409 5 1 2 5 4 11 20 2 7
12 2 410 6 2 2 5 4 12 20 2 7
13 2 411 7 3 2 5 4 13 20 2 7
14 2 412 8 4 2 5 4 14 20 2 7
15 2 420 N 0 3 5 4 15 20 2 8
16 2 421 10 1 3 5 4 16 20 2 8
17 2 422 11 2 3 5 4 17 20 2 8
18 2 423 12 3 3 5 4 18 20 2 8
19 2 424 13 4 3 5 4 19 20 2 8
0 2 384 N 0 0 5 4 0 20 2 5
1 2 385 N 1 0 5 4 1 20 2 5
2 2 386 N 2 0 5 4 2 20 2 5
3 2 387 N 3 0 5 4 3 20 2 5
4 2 388 N 4 0 5 4 4 20 2 5
5 2 396 N 0 1 5 4 5 20 2 6
6 2 397 0 1 1 5 4 6 20 2 6
7 2 398 1 2 1 5 4 7 20 2 6
8 2 399 2 3 1 5 4 8 20 2 6
9 2 400 3 4 1 5 4 9 20 2 6
10 2 408 N 0 2 5 4 10 20 2 7
11 2 409 5 1 2 5 4 11 20 2 7
12 2 410 6 2 2 5 4 12 20 2 7
13 2 411 7 3 2 5 4 13 20 2 7
14 2 412 8 4 2 5 4 14 20 2 7
15 2 420 N 0 3 5 4 15 20 2 8
16 2 421 10 1 3 5 4 16 20 2 8
17 2 422 11 2 3 5 4 17 20 2 8
18 2 423 12 3 3 5 4 18 20 2 8
19 2 424 13 4 3 5 4 19 20 2 8
0 3 221 N 0 0 5 4 0 20 1 5
1 3 222 N 1 0 5 4 1 20 1 5
2 3 223 N 2 0 5 4 2 20 1 5
3 3 224 N 3 0 5 4 3 20 1 5
4 3 225 N 4 0 5 4 4 20 1 5
5 3 233 N 0 1 5 4 5 20 1 6
6 3 234 0 1 1 5 4 6 20 1 6
7 3 235 1 2 1 5 4 7 20 1 6
8 3 236 2 3 1 5 4 8 20 1 6
9 3 237 3 4 1 5 4 9 20 1 6
10 3 245 N 0 2 5 4 10 20 1 7
11 3 246 5 1 2 5 4 11 20 1 7
12 3 247 6 2 2 5 4 12 20 1 7
13 3 248 7 3 2 5 4 13 20 1 7
14 3 249 8 4 2 5 4 14 20 1 7
15 3 257 N 0 3 5 4 15 20 1 8
16 3 258 10 1 3 5 4 16 20 1 8
17 3 259 11 2 3 5 4 17 20 1 8
18 3 260 12 3 3 5 4 18 20 1 8
19 3 261 13 4 3 5 4 19 20 1 8
0 3 221 N 0 0 5 4 0 20 1 5
1 3 222 N 1 0 5 4 1 20 1 5
2 3 223 N 2 0 5 4 2 20 1 5
3 3 224 N 3 0 5 4 3 20 1 5
4 3 225 N 4 0 5 4 4 20 1 5
5 3 233 N 0 1 5 4 5 20 1 6
6 3 234 0 1 1 5 4 6 20 1 6
7 3 235 1 2 1 5 4 7 20 1 6
8 3 236 2 3 1 5 4 8 20 1 6
9 3 237 3 4 1 5 4 9 20 1 6
10 3 245 N 0 2 5 4 10 20 1 7
11 3 246 5 1 2 5 4 11 20 1 7
12 3 247 6 2 2 5 4 12 20 1 7
13 3 248 7 3 2 5 4 13 20 1 7
14 3 249 8 4 2 5 4 14 20 1 7
15 3 257 N 0 3 5 4 15 20 1 8
16 3 258 10 1 3 5 4 16 20 1 8
17 3 259 11 2 3 5 4 17 20 1 8
18 3 260 12 3 3 5 4 18 20 1 8
19 3 261 13 4 3 5 4 19 20 1 8
0 3 389 N 0 0 5 4 0 20 2 5
1 3 390 N 1 0 5 4 1 20 2 5
2 3 391 N 2 0 5 4 2 20 2 5
3 3 392 N 3 0 5 4 3 20 2 5
4 3 393 N 4 0 5 4 4 20 2 5
5 3 401 N 0 1 5 4 5 20 2 6
6 3 402 0 1 1 5 4 6 20 2 6
7 3 403 1 2 1 5 4 7 20 2 6
8 3 404 2 3 1 5 4 8 20 2 6
9 3 405 3 4 1 5 4 9 20 2 6
10 3 413 N 0 2 5 4 10 20 2 7
11 3 414 5 1 2 5 4 11 20 2 7
12 3 415 6 2 2 5 4 12 20 2 7
13 3 416 7 3 2 5 4 13 20 2 7
14 3 417 8 4 2 5 4 14 20 2 7
15 3 425 N 0 3 5 4 15 20 2 8
16 3 426 10 1 3 5 4 16 20 2 8
17 3 427 11 2 3 5 4 17 20 2 8
18 3 428 12 3 3 5 4 18 20 2 8
19 3 429 13 4 3 5 4 19 20 2 8
0 3 389 N 0 0 5 4 0 20 2 5
1 3 390 N 1 0 5 4 1 20 2 5
2 3 391 N 2 0 5 4 2 20 2 5
3 3 392 N 3 0 5 4 3 20 2 5
4 3 393 N 4 0 5 4 4 20 2 5
5 3 401 N 0 1 5 4 5 20 2 6
6 3 402 0 1 1 5 4 6 20 2 6
7 3 403 1 2 1 5 4 7 20 2 6
8 3 404 2 3 1 5 4 8 20 2 6
9 3 405 3 4 1 5 4 9 20 2 6
10 3 413 N 0 2 5 4 10 20 2 7
11 3 414 5 1 2 5 4 11 20 2 7
12 3 415 6 2 2 5 4 12 20 2 7
13 3 416 7 3 2 5 4 13 20 2 7
14 3 417 8 4 2 5 4 14 20 2 7
15 3 425 N 0 3 5 4 15 20 2 8
16 3 426 10 1 3 5 4 16 20 2 8
17 3 427 11 2 3 5 4 17 20 2 8
18 3 428 12 3 3 5 4 18 20 2 8
19 3 429 13 4 3 5 4 19 20 2 8
0 3 221 N 0 0 5 4 0 20 1 5
1 3 222 N 1 0 5 4 1 20 1 5
2 3 223 N 2 0 5 4 2 20 1 5
3 3 224 N 3 0 5 4 3 20 1 5
4 3 225 N 4 0 5 4 4 20 1 5
5 3 233 N 0 1 5 4 5 20 1 6
6 3 234 0 1 1 5 4 6 20 1 6
7 3 235 1 2 1 5 4 7 20 1 6
8 3 236 2 3 1 5 4 8 20 1 6
9 3 237 3 4 1 5 4 9 20 1 6
10 3 245 N 0 2 5 4 10 20 1 7
11 3 246 5 1 2 5 4 11 20 1 7
12 3 247 6 2 2 5 4 12 20 1 7
13 3 248 7 3 2 5 4 13 20 1 7
14 3 249 8 4 2 5 4 14 20 1 7
15 3 257 N 0 3 5 4 15 20 1 8
16 3 258 10 1 3 5 4 16 20 1 8
17 3 259 11 2 3 5 4 17 20 1 8
18 3 260 12 3 3 5 4 18 20 1 8
19 3 261 13 4 3 5 4 19 20 1 8
0 3 221 N 0 0 5 4 0 20 1 5
1 3 222 N 1 0 5 4 1 20 1 5
2 3 223 N 2 0 5 4 2 20 1 5
3 3 224 N 3 0 5 4 3 20 1 5
4 3 225 N 4 0 5 4 4 20 1 5
5 3 233 N 0 1 5 4 5 20 1 6
6 3 234 0 1 1 5 4 6 20 1 6
7 3 235 1 2 1 5 4 7 20 1 6
8 3 236 2 3 1 5 4 8 20 1 6
9 3 237 3 4 1 5 4 9 20 1 6
10 3 245 N 0 2 5 4 10 20 1 7
11 3 246 5 1 2 5 4 11 20 1 7
12 3 247 6 2 2 5 4 12 20 1 7
13 3 248 7 3 2 5 4 13 20 1 7
14 3 249 8 4 2 5 4 14 20 1 7
15 3 257 N 0 3 5 4 15 20 1 8
16 3 258 10 1 3 5 4 16 20 1 8
17 3 259 11 2 3 5 4 17 20 1 8
18 3 260 12 3 3 5 4 18 20 1 8
19 3 261 13 4 3 5 4 19 20 1 8
0 3 389 N 0 0 5 4 0 20 2 5
1 3 390 N 1 0 5 4 1 20 2 5
2 3 391 N 2 0 5 4 2 20 2 5
3 3 392 N 3 0 5 4 3 20 2 5
4 3 393 N 4 0 5 4 4 20 2 5
5 3 401 N 0 1 5 4 5 20 2 6
6 3 402 0 1 1 5 4 6 20 2 6
7 3 403 1 2 1 5 4 7 20 2 6
8 3 404 2 3 1 5 4 8 20 2 6
9 3 405 3 4 1 5 4 9 20 2 6
10 3 413 N 0 2 5 4 10 20 2 7
11 3 414 5 1 2 5 4 11 20 2 7
12 3 415 6 2 2 5 4 12 20 2 7
13 3 416 7 3 2 5 4 13 20 2 7
14 3 417 8 4 2 5 4 14 20 2 7
15 3 425 N 0 3 5 4 15 20 2 8
16 3 426 10 1 3 5 4 16 20 2 8
17 3 427 11 2 3 5 4 17 20 2 8
18 3 428 12 3 3 5 4 18 20 2 8
19 3 429 13 4 3 5 4 19 20 2 8
0 3 389 N 0 0 5 4 0 20 2 5
1 3 390 N 1 0 5 4 1 20 2 5
2 3 391 N 2 0 5 4 2 20 2 5
3 3 392 N 3 0 5 4 3 20 2 5
4 3 393 N 4 0 5 4 4 20 2 5
5 3 401 N 0 1 5 4 5 20 2 6
6 3 402 0 1 1 5 4 6 20 2 6
7 3 403 1 2 1 5 4 7 20 2 6
8 3 404 2 3 1 5 4 8 20 2 6
9 3 405 3 4 1 5 4 9 20 2 6
10 3 413 N 0 2 5 4 10 20 2 7
11 3 414 5 1 2 5 4 11 20 2 7
12 3 415 6 2 2 5 4 12 20 2 7
13 3 416 7 3 2 5 4 13 20 2 7
14 3 417 8 4 2 5 4 14 20 2 7
15 3 425 N 0 3 5 4 15 20 2 8
16 3 426 10 1 3 5 4 16 20 2 8
17 3 427 11 2 3 5 4 17 20 2 8
18 3 428 12 3 3 5 4 18 20 2 8
19 3 429 13 4 3 5 4 19 20 2 8
0 3 221 N 0 0 5 4 0 20 1 5
1 3 222 N 1 0 5 4 1 20 1 5
2 3 223 N 2 0 5 4 2 20 1 5
3 3 224 N 3 0 5 4 3 20 1 5
4 3 225 N 4 0 5 4 4 20 1 5
5 3 233 N 0 1 5 4 5 20 1 6
6 3 234 0 1 1 5 4 6 20 1 6
7 3 235 1 2 1 5 4 7 20 1 6
8 3 236 2 3 1 5 4 8 20 1 6
9 3 237 3 4 1 5 4 9 20 1 6
10 3 245 N 0 2 5 4 10 20 1 7
11 3 246 5 1 2 5 4 11 20 1 7
12 3 247 6 2 2 5 4 12 20 1 7
13 3 248 7 3 2 5 4 13 20 1 7
14 3 249 8 4 2 5 4 14 20 1 7
15 3 257 N 0 3 5 4 15 20 1 8
16 3 258 10 1 3 5 4 16 20 1 8
17 3 259 11 2 3 5 4 17 20 1 8
18 3 260 12 3 3 5 4 18 20 1 8
19 3 261 13 4 3 5 4 19 20 1 8
0 3 221 N 0 0 5 4 0 20 1 5
1 3 222 N 1 0 5 4 1 20 1 5
2 3 223 N 2 0 5 4 2 20 1 5
3 3 224 N 3 0 5 4 3 20 1 5
4 3 225 N 4 0 5 4 4 20 1 5
5 3 233 N 0 1 5 4 5 20 1 6
6 3 234 0 1 1 5 4 6 20 1 6
7 3 235 1 2 1 5 4 7 20 1 6
8 3 236 2 3 1 5 4 8 20 1 6
9 3 237 3 4 1 5 4 9 20 1 6
10 3 245 N 0 2 5 4 10 20 1 7
11 3 246 5 1 2 5 4 11 20 1 7
12 3 247 6 2 2 5 4 12 20 1 7
13 3 248 7 3 2 5 4 13 20 1 7
14 3 249 8 4 2 5 4 14 20 1 7
15 3 257 N 0 3 5 4 15 20 1 8
16 3 258 10 1 3 5 4 16 20 1 8
17 3 259 11 2 3 5 4 17 20 1 8
18 3 260 12 3 3 5 4 18 20 1 8
19 3 261 13 4 3 5 4 19 20 1 8
0 3 389 N 0 0 5 4 0 20 2 5
1 3 390 N 1 0 5 4 1 20 2 5
2 3 391 N 2 0 5 4 2 20 2 5
3 3 392 N 3 0 5 4 3 20 2 5
4 3 393 N 4 0 5 4 4 20 2 5
5 3 401 N 0 1 5 4 5 20 2 6
6 3 402 0 1 1 5 4 6 20 2 6
7 3 403 1 2 1 5 4 7 20 2 6
8 3 404 2 3 1 5 4 8 20 2 6
9 3 405 3 4 1 5 4 9 20 2 6
10 3 413 N 0 2 5 4 10 20 2 7
11 3 414 5 1 2 5 4 11 20 2 7
12 3 415 6 2 2 5 4 12 20 2 7
13 3 416 7 3 2 5 4 13 20 2 7
14 3 417 8 4 2 5 4 14 20 2 7
15 3 425 N 0 3 5 4 15 20 2 8
16 3 426 10 1 3 5 4 16 20 2 8
17 3 427 11 2 3 5 4 17 20 2 8
18 3 428 12 3 3 5 4 18 20 2 8
19 3 429 13 4 3 5 4 19 20 2 8
0 3 389 N 0 0 5 4 0 20 2 5
1 3 390 N 1 0 5 4 1 20 2 5
2 3 391 N 2 0 5 4 2 20 2 5
3 3 392 N 3 0 5 4 3 20 2 5
4 3 393 N 4 0 5 4 4 20 2 5
5 3 401 N 0 1 5 4 5 20 2 6
6 3 402 0 1 1 5 4 6 20 2 6
7 3 403 1 2 1 5 4 7 20 2 6
8 3 404 2 3 1 5 4 8 20 2 6
9 3 405 3 4 1 5 4 9 20 2 6
10 3 413 N 0 2 5 4 10 20 2 7
11 3 414 5 1 2 5 4 11 20 2 7
12 3 415 6 2 2 5 4 12 20 2 7
13 3 416 7 3 2 5 4 13 20 2 7
14 3 417 8 4 2 5 4 14 20 2 7
15 3 425 N 0 3 5 4 15 20 2 8
16 3 426 10 1 3 5 4 16 20 2 8
17 3 427 11 2 3 5 4 17 20 2 8
18 3 428 12 3 3 5 4 18 20 2 8
19 3 429 13 4 3 5 4 19 20 2 8
0 4 264 N 0 0 5 4 0 20 1 9
1 4 265 N 1 0 5 4 1 20 1 9
2 4 266 N 2 0 5 4 2 20 1 9
3 4 267 N 3 0 5 4 3 20 1 9
4 4 268 N 4 0 5 4 4 20 1 9
5 4 276 N 0 1 5 4 5 20 1 10
6 4 277 0 1 1 5 4 6 20 1 10
7 4 278 1 2 1 5 4 7 20 1 10
8 4 279 2 3 1 5 4 8 20 1 10
9 4 280 3 4 1 5 4 9 20 1 10
10 4 288 N 0 2 5 4 10 20 1 11
11 4 289 5 1 2 5 4 11 20 1 11
12 4 290 6 2 2 5 4 12 20 1 11
13 4 291 7 3 2 5 4 13 20 1 11
14 4 292 8 4 2 5 4 14 20 1 11
15 4 300 N 0 3 5 4 15 20 1 12
16 4 301 10 1 3 5 4 16 20 1 12
17 4 302 11 2 3 5 4 17 20 1 12
18 4 303 12 3 3 5 4 18 20 1 12
19 4 304 13 4 3 5 4 19 20 1 12
0 4 264 N 0 0 5 4 0 20 1 9
1 4 265 N 1 0 5 4 1 20 1 9
2 4 266 N 2 0 5 4 2 20 1 9
3 4 267 N 3 0 5 4 3 20 1 9
4 4 268 N 4 0 5 4 4 20 1 9
5 4 276 N 0 1 5 4 5 20 1 10
6 4 277 0 1 1 5 4 6 20 1 10
7 4 278 1 2 1 5 4 7 20 1 10
8 4 279 2 3 1 5 4 8 20 1 10
9 4 280 3 4 1 5 4 9 20 1 10
10 4 288 N 0 2 5 4 10 20 1 11
11 4 289 5 1 2 5 4 11 20 1 11
12 4 290 6 2 2 5 4 12 20 1 11
13 4 291 7 3 2 5 4 13 20 1 11
14 4 292 8 4 2 5 4 14 20 1 11
15 4 300 N 0 3 5 4 15 20 1 12
16 4 301 10 1 3 5 4 16 20 1 12
17 4 302 11 2 3 5 4 17 20 1 12
18 4 303 12 3 3 5 4 18 20 1 12
19 4 304 13 4 3 5 4 19 20 1 12
0 4 432 N 0 0 5 4 0 20 2 9
1 4 433 N 1 0 5 4 1 20 2 9
2 4 434 N 2 0 5 4 2 20 2 9
3 4 435 N 3 0 5 4 3 20 2 9
4 4 436 N 4 0 5 4 4 20 2 9
5 4 444 N 0 1 5 4 5 20 2 10
6 4 445 0 1 1 5 4 6 20 2 10
7 4 446 1 2 1 5 4 7 20 2 10
8 4 447 2 3 1 5 4 8 20 2 10
9 4 448 3 4 1 5 4 9 20 2 10
10 4 456 N 0 2 5 4 10 20 2 11
11 4 457 5 1 2 5 4 11 20 2 11
12 4 458 6 2 2 5 4 12 20 2 11
13 4 459 7 3 2 5 4 13 20 2 11
14 4 460 8 4 2 5 4 14 20 2 11
15 4 468 N 0 3 5 4 15 20 2 12
16 4 469 10 1 3 5 4 16 20 2 12
17 4 470 11 2 3 5 4 17 20 2 12
18 4 471 12 3 3 5 4 18 20 2 12
19 4 472 13 4 3 5 4 19 20 2 12
0 4 432 N 0 0 5 4 0 20 2 9
1 4 433 N 1 0 5 4 1 20 2 9
2 4 434 N 2 0 5 4 2 20 2 9
3 4 435 N 3 0 5 4 3 20 2 9
4 4 436 N 4 0 5 4 4 20 2 9
5 4 444 N 0 1 5 4 5 20 2 10
6 4 445 0 1 1 5 4 6 20 2 10
7 4 446 1 2 1 5 4 7 20 2 10
8 4 447 2 3 1 5 4 8 20 2 10
9 4 448 3 4 1 5 4 9 20 2 10
10 4 456 N 0 2 5 4 10 20 2 11
11 4 457 5 1 2 5 4 11 20 2 11
12 4 458 6 2 2 5 4 12 20 2 11
13 4 459 7 3 2 5 4 13 20 2 11
14 4 460 8 4 2 5 4 14 20 2 11
15 4 468 N 0 3 5 4 15 20 2 12
16 4 469 10 1 3 5 4 16 20 2 12
17 4 470 11 2 3 5 4 17 20 2 12
18 4 471 12 3 3 5 4 18 20 2 12
19 4 472 13 4 3 5 4 19 20 2 12
0 4 264 N 0 0 5 4 0 20 1 9
1 4 265 N 1 0 5 4 1 20 1 9
2 4 266 N 2 0 5 4 2 20 1 9
3 4 267 N 3 0 5 4 3 20 1 9
4 4 268 N 4 0 5 4 4 20 1 9
5 4 276 N 0 1 5 4 5 20 1 10
6 4 277 0 1 1 5 4 6 20 1 10
7 4 278 1 2 1 5 4 7 20 1 10
8 4 279 2 3 1 5 4 8 20 1 10
9 4 280 3 4 1 5 4 9 20 1 10
10 4 288 N 0 2 5 4 10 20 1 11
11 4 289 5 1 2 5 4 11 20 1 11
12 4 290 6 2 2 5 4 12 20 1 11
13 4 291 7 3 2 5 4 13 20 1 11
14 4 292 8 4 2 5 4 14 20 1 11
15 4 300 N 0 3 5 4 15 20 1 12
16 4 301 10 1 3 5 4 16 20 1 12
17 4 302 11 2 3 5 4 17 20 1 12
18 4 303 12 3 3 5 4 18 20 1 12
19 4 304 13 4 3 5 4 19 20 1 12
0 4 264 N 0 0 5 4 0 20 1 9
1 4 265 N 1 0 5 4 1 20 1 9
2 4 266 N 2 0 5 4 2 20 1 9
3 4 267 N 3 0 5 4 3 20 1 9
4 4 268 N 4 0 5 4 4 20 1 9
5 4 276 N 0 1 5 4 5 20 1 10
6 4 277 0 1 1 5 4 6 20 1 10
7 4 278 1 2 1 5 4 7 20 1 10
8 4 279 2 3 1 5 4 8 20 1 10
9 4 280 3 4 1 5 4 9 20 1 10
10 4 288 N 0 2 5 4 10 20 1 11
11 4 289 5 1 2 5 4 11 20 1 11
12 4 290 6 2 2 5 4 12 20 1 11
13 4 291 7 3 2 5 4 13 20 1 11
14 4 292 8 4 2 5 4 14 20 1 11
15 4 300 N 0 3 5 4 15 20 1 12
16 4 301 10 1 3 5 4 16 20 1 12
17 4 302 11 2 3 5 4 17 20 1 12
18 4 303 12 3 3 5 4 18 20 1 12
19 4 304 13 4 3 5 4 19 20 1 12
0 4 432 N 0 0 5 4 0 20 2 9
1 4 433 N 1 0 5 4 1 20 2 9
2 4 434 N 2 0 5 4 2 20 2 9
3 4 435 N 3 0 5 4 3 20 2 9
4 4 436 N 4 0 5 4 4 20 2 9
5 4 444 N 0 1 5 4 5 20 2 10
6 4 445 0 1 1 5 4 6 20 2 10
7 4 446 1 2 1 5 4 7 20 2 10
8 4 447 2 3 1 5 4 8 20 2 10
9 4 448 3 4 1 5 4 9 20 2 10
10 4 456 N 0 2 5 4 10 20 2 11
11 4 457 5 1 2 5 4 11 20 2 11
12 4 458 6 2 2 5 4 12 20 2 11
13 4 459 7 3 2 5 4 13 20 2 11
14 4 460 8 4 2 5 4 14 20 2 11
15 4 468 N 0 3 5 4 15 20 2 12
16 4 469 10 1 3 5 4 16 20 2 12
17 4 470 11 2 3 5 4 17 20 2 12
18 4 471 12 3 3 5 4 18 20 2 12
19 4 472 13 4 3 5 4 19 20 2 12
0 4 432 N 0 0 5 4 0 20 2 9
1 4 433 N 1 0 5 4 1 20 2 9
2 4 434 N 2 0 5 4 2 20 2 9
3 4 435 N 3 0 5 4 3 20 2 9
4 4 436 N 4 0 5 4 4 20 2 9
5 4 444 N 0 1 5 4 5 20 2 10
6 4 445 0 1 1 5 4 6 20 2 10
7 4 446 1 2 1 5 4 7 20 2 10
8 4 447 2 3 1 5 4 8 20 2 10
9 4 448 3 4 1 5 4 9 20 2 10
10 4 456 N 0 2 5 4 10 20 2 11
11 4 457 5 1 2 5 4 11 20 2 11
12 4 458 6 2 2 5 4 12 20 2 11
13 4 459 7 3 2 5 4 13 20 2 11
14 4 460 8 4 2 5 4 14 20 2 11
15 4 468 N 0 3 5 4 15 20 2 12
16 4 469 10 1 3 5 4 16 20 2 12
17 4 470 11 2 3 5 4 17 20 2 12
18 4 471 12 3 3 5 4 18 20 2 12
19 4 472 13 4 3 5 4 19 20 2 12
0 4 264 N 0 0 5 4 0 20 1 9
1 4 265 N 1 0 5 4 1 20 1 9
2 4 266 N 2 0 5 4 2 20 1 9
3 4 267 N 3 0 5 4 3 20 1 9
4 4 268 N 4 0 5 4 4 20 1 9
5 4 276 N 0 1 5 4 5 20 1 10
6 4 277 0 1 1 5 4 6 20 1 10
7 4 278 1 2 1 5 4 7 20 1 10
8 4 279 2 3 1 5 4 8 20 1 10
9 4 280 3 4 1 5 4 9 20 1 10
10 4 288 N 0 2 5 4 10 20 1 11
11 4 289 5 1 2 5 4 11 20 1 11
12 4 290 6 2 2 5 4 12 20 1 11
13 4 291 7 3 2 5 4 13 20 1 11
14 4 292 8 4 2 5 4 14 20 1 11
15 4 300 N 0 3 5 4 15 20 1 12
16 4 301 10 1 3 5 4 16 20 1 12
17 4 302 11 2 3 5 4 17 20 1 12
18 4 303 12 3 3 5 4 18 20 1 12
19 4 304 13 4 3 5 4 19 20 1 12
0 4 264 N 0 0 5 4 0 20 1 9
1 4 265 N 1 0 5 4 1 20 1 9
2 4 266 N 2 0 5 4 2 20 1 9
3 4 267 N 3 0 5 4 3 20 1 9
4 4 268 N 4 0 5 4 4 20 1 9
5 4 276 N 0 1 5 4 5 20 1 10
6 4 277 0 1 1 5 4 6 20 1 10
7 4 278 1 2 1 5 4 7 20 1 10
8 4 279 2 3 1 5 4 8 20 1 10
9 4 280 3 4 1 5 4 9 20 1 10
10 4 288 N 0 2 5 4 10 20 1 11
11 4 289 5 1 2 5 4 11 20 1 11
12 4 290 6 2 2 5 4 12 20 1 11
13 4 291 7 3 2 5 4 13 20 1 11
14 4 292 8 4 2 5 4 14 20 1 11
15 4 300 N 0 3 5 4 15 20 1 12
16 4 301 10 1 3 5 4 16 20 1 12
17 4 302 11 2 3 5 4 17 20 1 12
18 4 303 12 3 3 5 4 18 20 1 12
19 4 304 13 4 3 5 4 19 20 1 12
0 4 432 N 0 0 5 4 0 20 2 9
1 4 433 N 1 0 5 4 1 20 2 9
2 4 434 N 2 0 5 4 2 20 2 9
3 4 435 N 3 0 5 4 3 20 2 9
4 4 436 N 4 0 5 4 4 20 2 9
5 4 444 N 0 1 5 4 5 20 2 10
6 4 445 0 1 1 5 4 6 20 2 10
7 4 446 1 2 1 5 4 7 20 2 10
8 4 447 2 3 1 5 4 8 20 2 10
9 4 448 3 4 1 5 4 9 20 2 10
10 4 456 N 0 2 5 4 10 20 2 11
11 4 457 5 1 2 5 4 11 20 2 11
12 4 458 6 2 2 5 4 12 20 2 11
13 4 459 7 3 2 5 4 13 20 2 11
14 4 460 8 4 2 5 4 14 20 2 11
15 4 468 N 0 3 5 4 15 20 2 12
16 4 469 10 1 3 5 4 16 20 2 12
17 4 470 11 2 3 5 4 17 20 2 12
18 4 471 12 3 3 5 4 18 20 2 12
19 4 472 13 4 3 5 4 19 20 2 12
0 4 432 N 0 0 5 4 0 20 2 9
1 4 433 N 1 0 5 4 1 20 2 9
2 4 434 N 2 0 5 4 2 20 2 9
3 4 435 N 3 0 5 4 3 20 2 9
4 4 436 N 4 0 5 4 4 20 2 9
5 4 444 N 0 1 5 4 5 20 2 10
6 4 445 0 1 1 5 4 6 20 2 10
7 4 446 1 2 1 5 4 7 20 2 10
8 4 447 2 3 1 5 4 8 20 2 10
9 4 448 3 4 1 5 4 9 20 2 10
10 4 456 N 0 2 5 4 10 20 2 11
11 4 457 5 1 2 5 4 11 20 2 11
12 4 458 6 2 2 5 4 12 20 2 11
13 4 459 7 3 2 5 4 13 20 2 11
14 4 460 8 4 2 5 4 14 20 2 11
15 4 468 N 0 3 5 4 15 20 2 12
16 4 469 10 1 3 5 4 16 20 2 12
17 4 470 11 2 3 5 4 17 20 2 12
18 4 471 12 3 3 5 4 18 20 2 12
19 4 472 13 4 3 5 4 19 20 2 12
0 5 269 N 0 0 5 4 0 20 1 9
1 5 270 N 1 0 5 4 1 20 1 9
2 5 271 N 2 0 5 4 2 20 1 9
3 5 272 N 3 0 5 4 3 20 1 9
4 5 273 N 4 0 5 4 4 20 1 9
5 5 281 N 0 1 5 4 5 20 1 10
6 5 282 0 1 1 5 4 6 20 1 10
7 5 283 1 2 1 5 4 7 20 1 10
8 5 284 2 3 1 5 4 8 20 1 10
9 5 285 3 4 1 5 4 9 20 1 10
10 5 293 N 0 2 5 4 10 20 1 11
11 5 294 5 1 2 5 4 11 20 1 11
12 5 295 6 2 2 5 4 12 20 1 11
13 5 296 7 3 2 5 4 13 20 1 11
14 5 297 8 4 2 5 4 14 20 1 11
15 5 305 N 0 3 5 4 15 20 1 12
16 5 306 10 1 3 5 4 16 20 1 12
17 5 307 11 2 3 5 4 17 20 1 12
18 5 308 12 3 3 5 4 18 20 1 12
19 5 309 13 4 3 5 4 19 20 1 12
0 5 269 N 0 0 5 4 0 20 1 9
1 5 270 N 1 0 5 4 1 20 1 9
2 5 271 N 2 0 5 4 2 20 1 9
3 5 272 N 3 0 5 4 3 20 1 9
4 5 273 N 4 0 5 4 4 20 1 9
5 5 281 N 0 1 5 4 5 20 1 10
6 5 282 0 1 1 5 4 6 20 1 10
7 5 283 1 2 1 5 4 7 20 1 10
8 5 284 2 3 1 5 4 8 20 1 10
9 5 285 3 4 1 5 4 9 20 1 10
10 5 293 N 0 2 5 4 10 20 1 11
11 5 294 5 1 2 5 4 11 20 1 11
12 5 295 6 2 2 5 4 12 20 1 11
13 5 296 7 3 2 5 4 13 20 1 11
14 5 297 8 4 2 5 4 14 20 1 11
15 5 305 N 0 3 5 4 15 20 1 12
16 5 306 10 1 3 5 4 16 20 1 12
17 5 307 11 2 3 5 4 17 20 1 12
18 5 308 12 3 3 5 4 18 20 1 12
19 5 309 13 4 3 5 4 19 20 1 12
0 5 437 N 0 0 5 4 0 20 2 9
1 5 438 N 1 0 5 4 1 20 2 9
2 5 439 N 2 0 5 4 2 20 2 9
3 5 440 N 3 0 5 4 3 20 2 9
4 5 441 N 4 0 5 4 4 20 2 9
5 5 449 N 0 1 5 4 5 20 2 10
6 5 450 0 1 1 5 4 6 20 2 10
7 5 451 1 2 1 5 4 7 20 2 10
8 5 452 2 3 1 5 4 8 20 2 10
9 5 453 3 4 1 5 4 9 20 2 10
10 5 461 N 0 2 5 4 10 20 2 11
11 5 462 5 1 2 5 4 11 20 2 11
12 5 463 6 2 2 5 4 12 20 2 11
13 5 464 7 3 2 5 4 13 20 2 11
14 5 465 8 4 2 5 4 14 20 2 11
15 5 473 N 0 3 5 4 15 20 2 12
16 5 474 10 1 3 5 4 16 20 2 12
17 5 475 11 2 3 5 4 17 20 2 12
18 5 476 12 3 3 5 4 18 20 2 12
19 5 477 13 4 3 5 4 19 20 2 12
0 5 437 N 0 0 5 4 0 20 2 9
1 5 438 N 1 0 5 4 1 20 2 9
2 5 439 N 2 0 5 4 2 20 2 9
3 5 440 N 3 0 5 4 3 20 2 9
4 5 441 N 4 0 5 4 4 20 2 9
5 5 449 N 0 1 5 4 5 20 2 10
6 5 450 0 1 1 5 4 6 20 2 10
7 5 451 1 2 1 5 4 7 20 2 10
8 5 452 2 3 1 5 4 8 20 2 10
9 5 453 3 4 1 5 4 9 20 2 10
10 5 461 N 0 2 5 4 10 20 2 11
11 5 462 5 1 2 5 4 11 20 2 11
12 5 463 6 2 2 5 4 12 20 2 11
13 5 464 7 3 2 5 4 13 20 2 11
14 5 465 8 4 2 5 4 14 20 2 11
15 5 473 N 0 3 5 4 15 20 2 12
16 5 474 10 1 3 5 4 16 20 2 12
17 5 475 11 2 3 5 4 17 20 2 12
18 5 476 12 3 3 5 4 18 20 2 12
19 5 477 13 4 3 5 4 19 20 2 12
0 5 269 N 0 0 5 4 0 20 1 9
1 5 270 N 1 0 5 4 1 20 1 9
2 5 271 N 2 0 5 4 2 20 1 9
3 5 272 N 3 0 5 4 3 20 1 9
4 5 273 N 4 0 5 4 4 20 1 9
5 5 281 N 0 1 5 4 5 20 1 10
6 5 282 0 1 1 5 4 6 20 1 10
7 5 283 1 2 1 5 4 7 20 1 10
8 5 284 2 3 1 5 4 8 20 1 10
9 5 285 3 4 1 5 4 9 20 1 10
10 5 293 N 0 2 5 4 10 20 1 11
11 5 294 5 1 2 5 4 11 20 1 11
12 5 295 6 2 2 5 4 12 20 1 11
13 5 296 7 3 2 5 4 13 20 1 11
14 5 297 8 4 2 5 4 14 20 1 11
15 5 305 N 0 3 5 4 15 20 1 12
16 5 306 10 1 3 5 4 16 20 1 12
17 5 307 11 2 3 5 4 17 20 1 12
18 5 308 12 3 3 5 4 18 20 1 12
19 5 309 13 4 3 5 4 19 20 1 12
0 5 269 N 0 0 5 4 0 20 1 9
1 5 270 N 1 0 5 4 1 20 1 9
2 5 271 N 2 0 5 4 2 20 1 9
3 5 272 N 3 0 5 4 3 20 1 9
4 5 273 N 4 0 5 4 4 20 1 9
5 5 281 N 0 1 5 4 5 20 1 10
6 5 282 0 1 1 5 4 6 20 1 10
7 5 283 1 2 1 5 4 7 20 1 10
8 5 284 2 3 1 5 4 8 20 1 10
9 5 285 3 4 1 5 4 9 20 1 10
10 5 293 N 0 2 5 4 10 20 1 11
11 5 294 5 1 2 5 4 11 20 1 11
12 5 295 6 2 2 5 4 12 20 1 11
13 5 296 7 3 2 5 4 13 20 1 11
14 5 297 8 4 2 5 4 14 20 1 11
15 5 305 N 0 3 5 4 15 20 1 12
16 5 306 10 1 3 5 4 16 20 1 12
17 5 307 11 2 3 5 4 17 20 1 12
18 5 308 12 3 3 5 4 18 20 1 12
19 5 309 13 4 3 5 4 19 20 1 12
0 5 437 N 0 0 5 4 0 20 2 9
1 5 438 N 1 0 5 4 1 20 2 9
2 5 439 N 2 0 5 4 2 20 2 9
3 5 440 N 3 0 5 4 3 20 2 9
4 5 441 N 4 0 5 4 4 20 2 9
5 5 449 N 0 1 5 4 5 20 2 10
6 5 450 0 1 1 5 4 6 20 2 10
7 5 451 1 2 1 5 4 7 20 2 10
8 5 452 2 3 1 5 4 8 20 2 10
9 5 453 3 4 1 5 4 9 20 2 10
10 5 461 N 0 2 5 4 10 20 2 11
11 5 462 5 1 2 5 4 11 20 2 11
12 5 463 6 2 2 5 4 12 20 2 11
13 5 464 7 3 2 5 4 13 20 2 11
14 5 465 8 4 2 5 4 14 20 2 11
15 5 473 N 0 3 5 4 15 20 2 12
16 5 474 10 1 3 5 4 16 20 2 12
17 5 475 11 2 3 5 4 17 20 2 12
18 5 476 12 3 3 5 4 18 20 2 12
19 5 477 13 4 3 5 4 19 20 2 12
0 5 437 N 0 0 5 4 0 20 2 9
1 5 438 N 1 0 5 4 1 20 2 9
2 5 439 N 2 0 5 4 2 20 2 9
3 5 440 N 3 0 5 4 3 20 2 9
4 5 441 N 4 0 5 4 4 20 2 9
5 5 449 N 0 1 5 4 5 20 2 10
6 5 450 0 1 1 5 4 6 20 2 10
7 5 451 1 2 1 5 4 7 20 2 10
8 5 452 2 3 1 5 4 8 20 2 10
9 5 453 3 4 1 5 4 9 20 2 10
10 5 461 N 0 2 5 4 10 20 2 11
11 5 462 5 1 2 5 4 11 20 2 11
12 5 463 6 2 2 5 4 12 20 2 11
13 5 464 7 3 2 5 4 13 20 2 11
14 5 465 8 4 2 5 4 14 20 2 11
15 5 473 N 0 3 5 4 15 20 2 12
16 5 474 10 1 3 5 4 16 20 2 12
17 5 475 11 2 3 5 4 17 20 2 12
18 5 476 12 3 3 5 4 18 20 2 12
19 5 477 13 4 3 5 4 19 20 2 12
0 5 269 N 0 0 5 4 0 20 1 9
1 5 270 N 1 0 5 4 1 20 1 9
2 5 271 N 2 0 5 4 2 20 1 9
3 5 272 N 3 0 5 4 3 20 1 9
4 5 273 N 4 0 5 4 4 20 1 9
5 5 281 N 0 1 5 4 5 20 1 10
6 5 282 0 1 1 5 4 6 20 1 10
7 5 283 1 2 1 5 4 7 20 1 10
8 5 284 2 3 1 5 4 8 20 1 10
9 5 285 3 4 1 5 4 9 20 1 10
10 5 293 N 0 2 5 4 10 20 1 11
11 5 294 5 1 2 5 4 11 20 1 11
12 5 295 6 2 2 5 4 12 20 1 11
13 5 296 7 3 2 5 4 13 20 1 11
14 5 297 8 4 2 5 4 14 20 1 11
15 5 305 N 0 3 5 4 15 20 1 12
16 5 306 10 1 3 5 4 16 20 1 12
17 5 307 11 2 3 5 4 17 20 1 12
18 5 308 12 3 3 5 4 18 20 1 12
19 5 309 13 4 3 5 4 19 20 1 12
0 5 269 N 0 0 5 4 0 20 1 9
1 5 270 N 1 0 5 4 1 20 1 9
2 5 271 N 2 0 5 4 2 20 1 9
3 5 272 N 3 0 5 4 3 20 1 9
4 5 273 N 4 0 5 4 4 20 1 9
5 5 281 N 0 1 5 4 5 20 1 10
6 5 282 0 1 1 5 4 6 20 1 10
7 5 283 1 2 1 5 4 7 20 1 10
8 5 284 2 3 1 5 4 8 20 1 10
9 5 285 3 4 1 5 4 9 20 1 10
10 5 293 N 0 2 5 4 10 20 1 11
11 5 294 5 1 2 5 4 11 20 1 11
12 5 295 6 2 2 5 4 12 20 1 11
13 5 296 7 3 2 5 4 13 20 1 11
14 5 297 8 4 2 5 4 14 20 1 11
15 5 305 N 0 3 5 4 15 20 1 12
16 5 306 10 1 3 5 4 16 20 1 12
17 5 307 11 2 3 5 4 17 20 1 12
18 5 308 12 3 3 5 4 18 20 1 12
19 5 309 13 4 3 5 4 19 20 1 12
0 5 437 N 0 0 5 4 0 20 2 9
1 5 438 N 1 0 5 4 1 20 2 9
2 5 439 N 2 0 5 4 2 20 2 9
3 5 440 N 3 0 5 4 3 20 2 9
4 5 441 N 4 0 5 4 4 20 2 9
5 5 449 N 0 1 5 4 5 20 2 10
6 5 450 0 1 1 5 4 6 20 2 10
7 5 451 1 2 1 5 4 7 20 2 10
8 5 452 2 3 1 5 4 8 20 2 10
9 5 453 3 4 1 5 4 9 20 2 10
10 5 461 N 0 2 5 4 10 20 2 11
11 5 462 5 1 2 5 4 11 20 2 11
12 5 463 6 2 2 5 4 12 20 2 11
13 5 464 7 3 2 5 4 13 20 2 11
14 5 465 8 4 2 5 4 14 20 2 11
15 5 473 N 0 3 5 4 15 20 2 12
16 5 474 10 1 3 5 4 16 20 2 12
17 5 475 11 2 3 5 4 17 20 2 12
18 5 476 12 3 3 5 4 18 20 2 12
19 5 477 13 4 3 5 4 19 20 2 12
0 5 437 N 0 0 5 4 0 20 2 9
1 5 438 N 1 0 5 4 1 20 2 9
2 5 439 N 2 0 5 4 2 20 2 9
3 5 440 N 3 0 5 4 3 20 2 9
4 5 441 N 4 0 5 4 4 20 2 9
5 5 449 N 0 1 5 4 5 20 2 10
6 5 450 0 1 1 5 4 6 20 2 10
7 5 451 1 2 1 5 4 7 20 2 10
8 5 452 2 3 1 5 4 8 20 2 10
9 5 453 3 4 1 5 4 9 20 2 10
10 5 461 N 0 2 5 4 10 20 2 11
11 5 462 5 1 2 5 4 11 20 2 11
12 5 463 6 2 2 5 4 12 20 2 11
13 5 464 7 3 2 5 4 13 20 2 11
14 5 465 8 4 2 5 4 14 20 2 11
15 5 473 N 0 3 5 4 15 20 2 12
16 5 474 10 1 3 5 4 16 20 2 12
17 5 475 11 2 3 5 4 17 20 2 12
18 5 476 12 3 3 5 4 18 20 2 12
19 5 477 13 4 3 5 4 19 20 2 12
0 0 168 N 0 0 5 4 0 20 1 1
1 0 169 N 1 0 5 4 1 20 1 1
2 0 170 N 2 0 5 4 2 20 1 1
3 0 171 N 3 0 5 4 3 20 1 1
4 0 172 N 4 0 5 4 4 20 1 1
5 0 180 N 0 1 5 4 5 20 1 2
6 0 181 0 1 1 5 4 6 20 1 2
7 0 182 1 2 1 5 4 7 20 1 2
8 0 183 2 3 1 5 4 8 20 1 2
9 0 184 3 4 1 5 4 9 20 1 2
10 0 192 N 0 2 5 4 10 20 1 3
11 0 193 5 1 2 5 4 11 20 1 3
12 0 194 6 2 2 5 4 12 20 1 3
13 0 195 7 3 2 5 4 13 20 1 3
14 0 196 8 4 2 5 4 14 20 1 3
15 0 204 N 0 3 5 4 15 20 1 4
16 0 205 10 1 3 5 4 16 20 1 4
17 0 206 11 2 3 5 4 17 20 1 4
18 0 207 12 3 3 5 4 18 20 1 4
19 0 208 13 4 3 5 4 19 20 1 4
0 0 168 N 0 0 5 4 0 20 1 1
1 0 169 N 1 0 5 4 1 20 1 1
2 0 170 N 2 0 5 4 2 20 1 1
3 0 171 N 3 0 5 4 3 20 1 1
4 0 172 N 4 0 5 4 4 20 1 1
5 0 180 N 0 1 5 4 5 20 1 2
6 0 181 0 1 1 5 4 6 20 1 2
7 0 182 1 2 1 5 4 7 20 1 2
8 0 183 2 3 1 5 4 8 20 1 2
9 0 184 3 4 1 5 4 9 20 1 2
10 0 192 N 0 2 5 4 10 20 1 3
11 0 193 5 1 2 5 4 11 20 1 3
12 0 194 6 2 2 5 4 12 20 1 3
13 0 195 7 3 2 5 4 13 20 1 3
14 0 196 8 4 2 5 4 14 20 1 3
15 0 204 N 0 3 5 4 15 20 1 4
16 0 205 10 1 3 5 4 16 20 1 4
17 0 206 11 2 3 5 4 17 20 1 4
18 0 207 12 3 3 5 4 18 20 1 4
19 0 208 13 4 3 5 4 19 20 1 4
0 0 336 N 0 0 5 4 0 20 2 1
1 0 337 N 1 0 5 4 1 20 2 1
2 0 338 N 2 0 5 4 2 20 2 1
3 0 339 N 3 0 5 4 3 20 2 1
4 0 340 N 4 0 5 4 4 20 2 1
5 0 348 N 0 1 5 4 5 20 2 2
6 0 349 0 1 1 5 4 6 20 2 2
7 0 350 1 2 1 5 4 7 20 2 2
8 0 351 2 3 1 5 4 8 20 2 2
9 0 352 3 4 1 5 4 9 20 2 2
10 0 360 N 0 2 5 4 10 20 2 3
11 0 361 5 1 2 5 4 11 20 2 3
12 0 362 6 2 2 5 4 12 20 2 3
13 0 363 7 3 2 5 4 13 20 2 3
14 0 364 8 4 2 5 4 14 20 2 3
15 0 372 N 0 3 5 4 15 20 2 4
16 0 373 10 1 3 5 4 16 20 2 4
17 0 374 11 2 3 5 4 17 20 2 4
18 0 375 12 3 3 5 4 18 20 2 4
19 0 376 13 4 3 5 4 19 20 2 4
0 0 336 N 0 0 5 4 0 20 2 1
1 0 337 N 1 0 5 4 1 20 2 1
2 0 338 N 2 0 5 4 2 20 2 1
3 0 339 N 3 0 5 4 3 20 2 1
4 0 340 N 4 0 5 4 4 20 2 1
5 0 348 N 0 1 5 4 5 20 2 2
6 0 349 0 1 1 5 4 6 20 2 2
7 0 350 1 2 1 5 4 7 20 2 2
8 0 351 2 3 1 5 4 8 20 2 2
9 0 352 3 4 1 5 4 9 20 2 2
10 0 360 N 0 2 5 4 10 20 2 3
11 0 361 5 1 2 5 4 11 20 2 3
12 0 362 6 2 2 5 4 12 20 2 3
13 0 363 7 3 2 5 4 13 20 2 3
14 0 364 8 4 2 5 4 14 20 2 3
15 0 372 N 0 3 5 4 15 20 2 4
16 0 373 10 1 3 5 4 16 20 2 4
17 0 374 11 2 3 5 4 17 20 2 4
18 0 375 12 3 3 5 4 18 20 2 4
19 0 376 13 4 3 5 4 19 20 2 4
0 0 168 N 0 0 5 4 0 20 1 1
1 0 169 N 1 0 5 4 1 20 1 1
2 0 170 N 2 0 5 4 2 20 1 1
3 0 171 N 3 0 5 4 3 20 1 1
4 0 172 N 4 0 5 4 4 20 1 1
5 0 180 N 0 1 5 4 5 20 1 2
6 0 181 0 1 1 5 4 6 20 1 2
7 0 182 1 2 1 5 4 7 20 1 2
8 0 183 2 3 1 5 4 8 20 1 2
9 0 184 3 4 1 5 4 9 20 1 2
10 0 192 N 0 2 5 4 10 20 1 3
11 0 193 5 1 2 5 4 11 20 1 3
12 0 194 6 2 2 5 4 12 20 1 3
13 0 195 7 3 2 5 4 13 20 1 3
14 0 196 8 4 2 5 4 14 20 1 3
15 0 204 N 0 3 5 4 15 20 1 4
16 0 205 10 1 3 5 4 16 20 1 4
17 0 206 11 2 3 5 4 17 20 1 4
18 0 207 12 3 3 5 4 18 20 1 4
19 0 208 13 4 3 5 4 19 20 1 4
0 0 168 N 0 0 5 4 0 20 1 1
1 0 169 N 1 0 5 4 1 20 1 1
2 0 170 N 2 0 5 4 2 20 1 1
3 0 171 N 3 0 5 4 3 20 1 1
4 0 172 N 4 0 5 4 4 20 1 1
5 0 180 N 0 1 5 4 5 20 1 2
6 0 181 0 1 1 5 4 6 20 1 2
7 0 182 1 2 1 5 4 7 20 1 2
8 0 183 2 3 1 5 4 8 20 1 2
9 0 184 3 4 1 5 4 9 20 1 2
10 0 192 N 0 2 5 4 10 20 1 3
11 0 193 5 1 2 5 4 11 20 1 3
12 0 194 6 2 2 5 4 12 20 1 3
13 0 195 7 3 2 5 4 13 20 1 3
14 0 196 8 4 2 5 4 14 20 1 3
15 0 204 N 0 3 5 4 15 20 1 4
16 0 205 10 1 3 5 4 16 20 1 4
17 0 206 11 2 3 5 4 17 20 1 4
18 0 207 12 3 3 5 4 18 20 1 4
19 0 208 13 4 3 5 4 19 20 1 4
0 0 336 N 0 0 5 4 0 20 2 1
1 0 337 N 1 0 5 4 1 20 2 1
2 0 338 N 2 0 5 4 2 20 2 1
3 0 339 N 3 0 5 4 3 20 2 1
4 0 340 N 4 0 5 4 4 20 2 1
5 0 348 N 0 1 5 4 5 20 2 2
6 0 349 0 1 1 5 4 6 20 2 2
7 0 350 1 2 1 5 4 7 20 2 2
8 0 351 2 3 1 5 4 8 20 2 2
9 0 352 3 4 1 5 4 9 20 2 2
10 0 360 N 0 2 5 4 10 20 2 3
11 0 361 5 1 2 5 4 11 20 2 3
12 0 362 6 2 2 5 4 12 20 2 3
13 0 363 7 3 2 5 4 13 20 2 3
14 0 364 8 4 2 5 4 14 20 2 3
15 0 372 N 0 3 5 4 15 20 2 4
16 0 373 10 1 3 5 4 16 20 2 4
17 0 374 11 2 3 5 4 17 20 2 4
18 0 375 12 3 3 5 4 18 20 2 4
19 0 376 13 4 3 5 4 19 20 2 4
0 0 336 N 0 0 5 4 0 20 2 1
1 0 337 N 1 0 5 4 1 20 2 1
2 0 338 N 2 0 5 4 2 20 2 1
3 0 339 N 3 0 5 4 3 20 2 1
4 0 340 N 4 0 5 4 4 20 2 1
5 0 348 N 0 1 5 4 5 20 2 2
6 0 349 0 1 1 5 4 6 20 2 2
7 0 350 1 2 1 5 4 7 20 2 2
8 0 351 2 3 1 5 4 8 20 2 2
9 0 352 3 4 1 5 4 9 20 2 2
10 0 360 N 0 2 5 4 10 20 2 3
11 0 361 5 1 2 5 4 11 20 2 3
12 0 362 6 2 2 5 4 12 20 2 3
13 0 363 7 3 2 5 4 13 20 2 3
14 0 364 8 4 2 5 4 14 20 2 3
15 0 372 N 0 3 5 4 15 20 2 4
16 0 373 10 1 3 5 4 16 20 2 4
17 0 374 11 2 3 5 4 17 20 2 4
18 0 375 12 3 3 5 4 18 20 2 4
19 0 376 13 4 3 5 4 19 20 2 4
0 0 168 N 0 0 5 4 0 20 1 1
1 0 169 N 1 0 5 4 1 20 1 1
2 0 170 N 2 0 5 4 2 20 1 1
3 0 171 N 3 0 5 4 3 20 1 1
4 0 172 N 4 0 5 4 4 20 1 1
5 0 180 N 0 1 5 4 5 20 1 2
6 0 181 0 1 1 5 4 6 20 1 2
7 0 182 1 2 1 5 4 7 20 1 2
8 0 183 2 3 1 5 4 8 20 1 2
9 0 184 3 4 1 5 4 9 20 1 2
10 0 192 N 0 2 5 4 10 20 1 3
11 0 193 5 1 2 5 4 11 20 1 3
12 0 194 6 2 2 5 4 12 20 1 3
13 0 195 7 3 2 5 4 13 20 1 3
14 0 196 8 4 2 5 4 14 20 1 3
15 0 204 N 0 3 5 4 15 20 1 4
16 0 205 10 1 3 5 4 16 20 1 4
17 0 206 11 2 3 5 4 17 20 1 4
18 0 207 12 3 3 5 4 18 20 1 4
19 0 208 13 4 3 5 4 19 20 1 4
0 0 168 N 0 0 5 4 0 20 1 1
1 0 169 N 1 0 5 4 1 20 1 1
2 0 170 N 2 0 5 4 2 20 1 1
3 0 171 N 3 0 5 4 3 20 1 1
4 0 172 N 4 0 5 4 4 20 1 1
5 0 180 N 0 1 5 4 5 20 1 2
6 0 181 0 1 1 5 4 6 20 1 2
7 0 182 1 2 1 5 4 7 20 1 2
8 0 183 2 3 1 5 4 8 20 1 2
9 0 184 3 4 1 5 4 9 20 1 2
10 0 192 N 0 2 5 4 10 20 1 3
11 0 193 5 1 2 5 4 11 20 1 3
12 0 194 6 2 2 5 4 12 20 1 3
13 0 195 7 3 2 5 4 13 20 1 3
14 0 196 8 4 2 5 4 14 20 1 3
15 0 204 N 0 3 5 4 15 20 1 4
16 0 205 10 1 3 5 4 16 20 1 4
17 0 206 11 2 3 5 4 17 20 1 4
18 0 207 12 3 3 5 4 18 20 1 4
19 0 208 13 4 3 5 4 19 20 1 4
0 0 336 N 0 0 5 4 0 20 2 1
1 0 337 N 1 0 5 4 1 20 2 1
2 0 338 N 2 0 5 4 2 20 2 1
3 0 339 N 3 0 5 4 3 20 2 1
4 0 340 N 4 0 5 4 4 20 2 1
5 0 348 N 0 1 5 4 5 20 2 2
6 0 349 0 1 1 5 4 6 20 2 2
7 0 350 1 2 1 5 4 7 20 2 2
8 0 351 2 3 1 5 4 8 20 2 2
9 0 352 3 4 1 5 4 9 20 2 2
10 0 360 N 0 2 5 4 10 20 2 3
11 0 361 5 1 2 5 4 11 20 2 3
12 0 362 6 2 2 5 4 12 20 2 3
13 0 363 7 3 2 5 4 13 20 2 3
14 0 364 8 4 2 5 4 14 20 2 3
15 0 372 N 0 3 5 4 15 20 2 4
16 0 373 10 1 3 5 4 16 20 2 4
17 0 374 11 2 3 5 4 17 20 2 4
18 0 375 12 3 3 5 4 18 20 2 4
19 0 376 13 4 3 5 4 19 20 2 4
0 0 336 N 0 0 5 4 0 20 2 1
1 0 337 N 1 0 5 4 1 20 2 1
2 0 338 N 2 0 5 4 2 20 2 1
3 0 339 N 3 0 5 4 3 20 2 1
4 0 340 N 4 0 5 4 4 20 2 1
5 0 348 N 0 1 5 4 5 20 2 2
6 0 349 0 1 1 5 4 6 20 2 2
7 0 350 1 2 1 5 4 7 20 2 2
8 0 351 2 3 1 5 4 8 20 2 2
9 0 352 3 4 1 5 4 9 20 2 2
10 0 360 N 0 2 5 4 10 20 2 3
11 0 361 5 1 2 5 4 11 20 2 3
12 0 362 6 2 2 5 4 12 20 2 3
13 0 363 7 3 2 5 4 13 20 2 3
14 0 364 8 4 2 5 4 14 20 2 3
15 0 372 N 0 3 5 4 15 20 2 4
16 0 373 10 1 3 5 4 16 20 2 4
17 0 374 11 2 3 5 4 17 20 2 4
18 0 375 12 3 3 5 4 18 20 2 4
19 0 376 13 4 3 5 4 19 20 2 4
0 1 173 N 0 0 5 4 0 20 1 1
1 1 174 N 1 0 5 4 1 20 1 1
2 1 175 N 2 0 5 4 2 20 1 1
3 1 176 N 3 0 5 4 3 20 1 1
4 1 177 N 4 0 5 4 4 20 1 1
5 1 185 N 0 1 5 4 5 20 1 2
6 1 186 0 1 1 5 4 6 20 1 2
7 1 187 1 2 1 5 4 7 20 1 2
8 1 188 2 3 1 5 4 8 20 1 2
9 1 189 3 4 1 5 4 9 20 1 2
10 1 197 N 0 2 5 4 10 20 1 3
11 1 198 5 1 2 5 4 11 20 1 3
12 1 199 6 2 2 5 4 12 20 1 3
13 1 200 7 3 2 5 4 13 20 1 3
14 1 201 8 4 2 5 4 14 20 1 3
15 1 209 N 0 3 5 4 15 20 1 4
16 1 210 10 1 3 5 4 16 20 1 4
17 1 211 11 2 3 5 4 17 20 1 4
18 1 212 12 3 3 5 4 18 20 1 4
19 1 213 13 4 3 5 4 19 20 1 4
0 1 173 N 0 0 5 4 0 20 1 1
1 1 174 N 1 0 5 4 1 20 1 1
2 1 175 N 2 0 5 4 2 20 1 1
3 1 176 N 3 0 5 4 3 20 1 1
4 1 177 N 4 0 5 4 4 20 1 1
5 1 185 N 0 1 5 4 5 20 1 2
6 1 186 0 1 1 5 4 6 20 1 2
7 1 187 1 2 1 5 4 7 20 1 2
8 1 188 2 3 1 5 4 8 20 1 2
9 1 189 3 4 1 5 4 9 20 1 2
10 1 197 N 0 2 5 4 10 20 1 3
11 1 198 5 1 2 5 4 11 20 1 3
12 1 199 6 2 2 5 4 12 20 1 3
13 1 200 7 3 2 5 4 13 20 1 3
14 1 201 8 4 2 5 4 14 20 1 3
15 1 209 N 0 3 5 4 15 20 1 4
16 1 210 10 1 3 5 4 16 20 1 4
17 1 211 11 2 3 5 4 17 20 1 4
18 1 212 12 3 3 5 4 18 20 1 4
19 1 213 13 4 3 5 4 19 20 1 4
0 1 341 N 0 0 5 4 0 20 2 1
1 1 342 N 1 0 5 4 1 20 2 1
2 1 343 N 2 0 5 4 2 20 2 1
3 1 344 N 3 0 5 4 3 20 2 1
4 1 345 N 4 0 5 4 4 20 2 1
5 1 353 N 0 1 5 4 5 20 2 2
6 1 354 0 1 1 5 4 6 20 2 2
7 1 355 1 2 1 5 4 7 20 2 2
8 1 356 2 3 1 5 4 8 20 2 2
9 1 357 3 4 1 5 4 9 20 2 2
10 1 365 N 0 2 5 4 10 20 2 3
11 1 366 5 1 2 5 4 11 20 2 3
12 1 367 6 2 2 5 4 12 20 2 3
13 1 368 7 3 2 5 4 13 20 2 3
14 1 369 8 4 2 5 4 14 20 2 3
15 1 377 N 0 3 5 4 15 20 2 4
16 1 378 10 1 3 5 4 16 20 2 4
17 1 379 11 2 3 5 4 17 20 2 4
18 1 380 12 3 3 5 4 18 20 2 4
19 1 381 13 4 3 5 4 19 20 2 4
0 1 341 N 0 0 5 4 0 20 2 1
1 1 342 N 1 0 5 4 1 20 2 1
2 1 343 N 2 0 5 4 2 20 2 1
3 1 344 N 3 0 5 4 3 20 2 1
4 1 345 N 4 0 5 4 4 20 2 1
5 1 353 N 0 1 5 4 5 20 2 2
6 1 354 0 1 1 5 4 6 20 2 2
7 1 355 1 2 1 5 4 7 20 2 2
8 1 356 2 3 1 5 4 8 20 2 2
9 1 357 3 4 1 5 4 9 20 2 2
10 1 365 N 0 2 5 4 10 20 2 3
11 1 366 5 1 2 5 4 11 20 2 3
12 1 367 6 2 2 5 4 12 20 2 3
13 1 368 7 3 2 5 4 13 20 2 3
14 1 369 8 4 2 5 4 14 20 2 3
15 1 377 N 0 3 5 4 15 20 2 4
16 1 378 10 1 3 5 4 16 20 2 4
17 1 379 11 2 3 5 4 17 20 2 4
18 1 380 12 3 3 5 4 18 20 2 4
19 1 381 13 4 3 5 4 19 20 2 4
0 1 173 N 0 0 5 4 0 20 1 1
1 1 174 N 1 0 5 4 1 20 1 1
2 1 175 N 2 0 5 4 2 20 1 1
3 1 176 N 3 0 5 4 3 20 1 1
4 1 177 N 4 0 5 4 4 20 1 1
5 1 185 N 0 1 5 4 5 20 1 2
6 1 186 0 1 1 5 4 6 20 1 2
7 1 187 1 2 1 5 4 7 20 1 2
8 1 188 2 3 1 5 4 8 20 1 2
9 1 189 3 4 1 5 4 9 20 1 2
10 1 197 N 0 2 5 4 10 20 1 3
11 1 198 5 1 2 5 4 11 20 1 3
12 1 199 6 2 2 5 4 12 20 1 3
13 1 200 7 3 2 5 4 13 20 1 3
14 1 201 8 4 2 5 4 14 20 1 3
15 1 209 N 0 3 5 4 15 20 1 4
16 1 210 10 1 3 5 4 16 20 1 4
17 1 211 11 2 3 5 4 17 20 1 4
18 1 212 12 3 3 5 4 18 20 1 4
19 1 213 13 4 3 5 4 19 20 1 4
0 1 173 N 0 0 5 4 0 20 1 1
1 1 174 N 1 0 5 4 1 20 1 1
2 1 175 N 2 0 5 4 2 20 1 1
3 1 176 N 3 0 5 4 3 20 1 1
4 1 177 N 4 0 5 4 4 20 1 1
5 1 185 N 0 1 5 4 5 20 1 2
6 1 186 0 1 1 5 4 6 20 1 2
7 1 187 1 2 1 5 4 7 20 1 2
8 1 188 2 3 1 5 4 8 20 1 2
9 1 189 3 4 1 5 4 9 20 1 2
10 1 197 N 0 2 5 4 10 20 1 3
11 1 198 5 1 2 5 4 11 20 1 3
12 1 199 6 2 2 5 4 12 20 1 3
13 1 200 7 3 2 5 4 13 20 1 3
14 1 201 8 4 2 5 4 14 20 1 3
15 1 209 N 0 3 5 4 15 20 1 4
16 1 210 10 1 3 5 4 16 20 1 4
17 1 211 11 2 3 5 4 17 20 1 4
18 1 212 12 3 3 5 4 18 20 1 4
19 1 213 13 4 3 5 4 19 20 1 4
0 1 341 N 0 0 5 4 0 20 2 1
1 1 342 N 1 0 5 4 1 20 2 1
2 1 343 N 2 0 5 4 2 20 2 1
3 1 344 N 3 0 5 4 3 20 2 1
4 1 345 N 4 0 5 4 4 20 2 1
5 1 353 N 0 1 5 4 5 20 2 2
6 1 354 0 1 1 5 4 6 20 2 2
7 1 355 1 2 1 5 4 7 20 2 2
8 1 356 2 3 1 5 4 8 20 2 2
9 1 357 3 4 1 5 4 9 20 2 2
10 1 365 N 0 2 5 4 10 20 2 3
11 1 366 5 1 2 5 4 11 20 2 3
12 1 367 6 2 2 5 4 12 20 2 3
13 1 368 7 3 2 5 4 13 20 2 3
14 1 369 8 4 2 5 4 14 20 2 3
15 1 377 N 0 3 5 4 15 20 2 4
16 1 378 10 1 3 5 4 16 20 2 4
17 1 379 11 2 3 5 4 17 20 2 4
18 1 380 12 3 3 5 4 18 20 2 4
19 1 381 13 4 3 5 4 19 20 2 4
0 1 341 N 0 0 5 4 0 20 2 1
1 1 342 N 1 0 5 4 1 20 2 1
2 1 343 N 2 0 5 4 2 20 2 1
3 1 344 N 3 0 5 4 3 20 2 1
4 1 345 N 4 0 5 4 4 20 2 1
5 1 353 N 0 1 5 4 5 20 2 2
6 1 354 0 1 1 5 4 6 20 2 2
7 1 355 1 2 1 5 4 7 20 2 2
8 1 356 2 3 1 5 4 8 20 2 2
9 1 357 3 4 1 5 4 9 20 2 2
10 1 365 N 0 2 5 4 10 20 2 3
11 1 366 5 1 2 5 4 11 20 2 3
12 1 367 6 2 2 5 4 12 20 2 3
13 1 368 7 3 2 5 4 13 20 2 3
14 1 369 8 4 2 5 4 14 20 2 3
15 1 377 N 0 3 5 4 15 20 2 4
16 1 378 10 1 3 5 4 16 20 2 4
17 1 379 11 2 3 5 4 17 20 2 4
18 1 380 12 3 3 5 4 18 20 2 4
19 1 381 13 4 3 5 4 19 20 2 4
0 1 173 N 0 0 5 4 0 20 1 1
1 1 174 N 1 0 5 4 1 20 1 1
2 1 175 N 2 0 5 4 2 20 1 1
3 1 176 N 3 0 5 4 3 20 1 1
4 1 177 N 4 0 5 4 4 20 1 1
5 1 185 N 0 1 5 4 5 20 1 2
6 1 186 0 1 1 5 4 6 20 1 2
7 1 187 1 2 1 5 4 7 20 1 2
8 1 188 2 3 1 5 4 8 20 1 2
9 1 189 3 4 1 5 4 9 20 1 2
10 1 197 N 0 2 5 4 10 20 1 3
11 1 198 5 1 2 5 4 11 20 1 3
12 1 199 6 2 2 5 4 12 20 1 3
13 1 200 7 3 2 5 4 13 20 1 3
14 1 201 8 4 2 5 4 14 20 1 3
15 1 209 N 0 3 5 4 15 20 1 4
16 1 210 10 1 3 5 4 16 20 1 4
17 1 211 11 2 3 5 4 17 20 1 4
18 1 212 12 3 3 5 4 18 20 1 4
19 1 213 13 4 3 5 4 19 20 1 4
0 1 173 N 0 0 5 4 0 20 1 1
1 1 174 N 1 0 5 4 1 20 1 1
2 1 175 N 2 0 5 4 2 20 1 1
3 1 176 N 3 0 5 4 3 20 1 1
4 1 177 N 4 0 5 4 4 20 1 1
5 1 185 N 0 1 5 4 5 20 1 2
6 1 186 0 1 1 5 4 6 20 1 2
7 1 187 1 2 1 5 4 7 20 1 2
8 1 188 2 3 1 5 4 8 20 1 2
9 1 189 3 4 1 5 4 9 20 1 2
10 1 197 N 0 2 5 4 10 20 1 3
11 1 198 5 1 2 5 4 11 20 1 3
12 1 199 6 2 2 5 4 12 20 1 3
13 1 200 7 3 2 5 4 13 20 1 3
14 1 201 8 4 2 5 4 14 20 1 3
15 1 209 N 0 3 5 4 15 20 1 4
16 1 210 10 1 3 5 4 16 20 1 4
17 1 211 11 2 3 5 4 17 20 1 4
18 1 212 12 3 3 5 4 18 20 1 4
19 1 213 13 4 3 5 4 19 20 1 4
0 1 341 N 0 0 5 4 0 20 2 1
1 1 342 N 1 0 5 4 1 20 2 1
2 1 343 N 2 0 5 4 2 20 2 1
3 1 344 N 3 0 5 4 3 20 2 1
4 1 345 N 4 0 5 4 4 20 2 1
5 1 353 N 0 1 5 4 5 20 2 2
6 1 354 0 1 1 5 4 6 20 2 2
7 1 355 1 2 1 5 4 7 20 2 2
8 1 356 2 3 1 5 4 8 20 2 2
9 1 357 3 4 1 5 4 9 20 2 2
10 1 365 N 0 2 5 4 10 20 2 3
11 1 366 5 1 2 5 4 11 20 2 3
12 1 367 6 2 2 5 4 12 20 2 3
13 1 368 7 3 2 5 4 13 20 2 3
14 1 369 8 4 2 5 4 14 20 2 3
15 1 377 N 0 3 5 4 15 20 2 4
16 1 378 10 1 3 5 4 16 20 2 4
17 1 379 11 2 3 5 4 17 20 2 4
18 1 380 12 3 3 5 4 18 20 2 4
19 1 381 13 4 3 5 4 19 20 2 4
0 1 341 N 0 0 5 4 0 20 2 1
1 1 342 N 1 0 5 4 1 20 2 1
2 1 343 N 2 0 5 4 2 20 2 1
3 1 344 N 3 0 5 4 3 20 2 1
4 1 345 N 4 0 5 4 4 20 2 1
5 1 353 N 0 1 5 4 5 20 2 2
6 1 354 0 1 1 5 4 6 20 2 2
7 1 355 1 2 1 5 4 7 20 2 2
8 1 356 2 3 1 5 4 8 20 2 2
9 1 357 3 4 1 5 4 9 20 2 2
10 1 365 N 0 2 5 4 10 20 2 3
11 1 366 5 1 2 5 4 11 20 2 3
12 1 367 6 2 2 5 4 12 20 2 3
13 1 368 7 3 2 5 4 13 20 2 3
14 1 369 8 4 2 5 4 14 20 2 3
15 1 377 N 0 3 5 4 15 20 2 4
16 1 378 10 1 3 5 4 16 20 2 4
17 1 379 11 2 3 5 4 17 20 2 4
18 1 380 12 3 3 5 4 18 20 2 4
19 1 381 13 4 3 5 4 19 20 2 4
0 2 216 N 0 0 5 4 0 20 1 5
1 2 217 N 1 0 5 4 1 20 1 5
2 2 218 N 2 0 5 4 2 20 1 5
3 2 219 N 3 0 5 4 3 20 1 5
4 2 220 N 4 0 5 4 4 20 1 5
5 2 228 N 0 1 5 4 5 20 1 6
6 2 229 0 1 1 5 4 6 20 1 6
7 2 230 1 2 1 5 4 7 20 1 6
8 2 231 2 3 1 5 4 8 20 1 6
9 2 232 3 4 1 5 4 9 20 1 6
10 2 240 N 0 2 5 4 10 20 1 7
11 2 241 5 1 2 5 4 11 20 1 7
12 2 242 6 2 2 5 4 12 20 1 7
13 2 243 7 3 2 5 4 13 20 1 7
14 2 244 8 4 2 5 4 14 20 1 7
15 2 252 N 0 3 5 4 15 20 1 8
16 2 253 10 1 3 5 4 16 20 1 8
17 2 254 11 2 3 5 4 17 20 1 8
18 2 255 12 3 3 5 4 18 20 1 8
19 2 256 13 4 3 5 4 19 20 1 8
0 2 216 N 0 0 5 4 0 20 1 5
1 2 217 N 1 0 5 4 1 20 1 5
2 2 218 N 2 0 5 4 2 20 1 5
3 2 219 N 3 0 5 4 3 20 1 5
4 2 220 N 4 0 5 4 4 20 1 5
5 2 228 N 0 1 5 4 5 20 1 6
6 2 229 0 1 1 5 4 6 20 1 6
7 2 230 1 2 1 5 4 7 20 1 6
8 2 231 2 3 1 5 4 8 20 1 6
9 2 232 3 4 1 5 4 9 20 1 6
10 2 240 N 0 2 5 4 10 20 1 7
11 2 241 5 1 2 5 4 11 20 1 7
12 2 242 6 2 2 5 4 12 20 1 7
13 2 243 7 3 2 5 4 13 20 1 7
14 2 244 8 4 2 5 4 14 20 1 7
15 2 252 N 0 3 5 4 15 20 1 8
16 2 253 10 1 3 5 4 16 20 1 8
17 2 254 11 2 3 5 4 17 20 1 8
18 2 255 12 3 3 5 4 18 20 1 8
19 2 256 13 4 3 5 4 19 20 1 8
0 2 384 N 0 0 5 4 0 20 2 5
1 2 385 N 1 0 5 4 1 20 2 5
2 2 386 N 2 0 5 4 2 20 2 5
3 2 387 N 3 0 5 4 3 20 2 5
4 2 388 N 4 0 5 4 4 20 2 5
5 2 396 N 0 1 5 4 5 20 2 6
6 2 397 0 1 1 5 4 6 20 2 6
7 2 398 1 2 1 5 4 7 20 2 6
8 2 399 2 3 1 5 4 8 20 2 6
9 2 400 3 4 1 5 4 9 20 2 6
10 2 408 N 0 2 5 4 10 20 2 7
11 2 409 5 1 2 5 4 11 20 2 7
12 2 410 6 2 2 5 4 12 20 2 7
13 2 411 7 3 2 5 4 13 20 2 7
14 2 412 8 4 2 5 4 14 20 2 7
15 2 420 N 0 3 5 4 15 20 2 8
16 2 421 10 1 3 5 4 16 20 2 8
17 2 422 11 2 3 5 4 17 20 2 8
18 2 423 12 3 3 5 4 18 20 2 8
19 2 424 13 4 3 5 4 19 20 2 8
0 2 384 N 0 0 5 4 0 20 2 5
1 2 385 N 1 0 5 4 1 20 2 5
2 2 386 N 2 0 5 4 2 20 2 5
3 2 387 N 3 0 5 4 3 20 2 5
4 2 388 N 4 0 5 4 4 20 2 5
5 2 396 N 0 1 5 4 5 20 2 6
6 2 397 0 1 1 5 4 6 20 2 6
7 2 398 1 2 1 5 4 7 20 2 6
8 2 399 2 3 1 5 4 8 20 2 6
9 2 400 3 4 1 5 4 9 20 2 6
10 2 408 N 0 2 5 4 10 20 2 7
11 2 409 5 1 2 5 4 11 20 2 7
12 2 410 6 2 2 5 4 12 20 2 7
13 2 411 7 3 2 5 4 13 20 2 7
14 2 412 8 4 2 5 4 14 20 2 7
15 2 420 N 0 3 5 4 15 20 2 8
16 2 421 10 1 3 5 4 16 20 2 8
17 2 422 11 2 3 5 4 17 20 2 8
18 2 423 12 3 3 5 4 18 20 2 8
19 2 424 13 4 3 5 4 19 20 2 8
0 2 216 N 0 0 5 4 0 20 1 5
1 2 217 N 1 0 5 4 1 20 1 5
2 2 218 N 2 0 5 4 2 20 1 5
3 2 219 N 3 0 5 4 3 20 1 5
4 2 220 N 4 0 5 4 4 20 1 5
5 2 228 N 0 1 5 4 5 20 1 6
6 2 229 0 1 1 5 4 6 20 1 6
7 2 230 1 2 1 5 4 7 20 1 6
8 2 231 2 3 1 5 4 8 20 1 6
9 2 232 3 4 1 5 4 9 20 1 6
10 2 240 N 0 2 5 4 10 20 1 7
11 2 241 5 1 2 5 4 11 20 1 7
12 2 242 6 2 2 5 4 12 20 1 7
13 2 243 7 3 2 5 4 13 20 1 7
14 2 244 8 4 2 5 4 14 20 1 7
15 2 252 N 0 3 5 4 15 20 1 8
16 2 253 10 1 3 5 4 16 20 1 8
17 2 254 11 2 3 5 4 17 20 1 8
18 2 255 12 3 3 5 4 18 20 1 8
19 2 256 13 4 3 5 4 19 20 1 8
0 2 216 N 0 0 5 4 0 20 1 5
1 2 217 N 1 0 5 4 1 20 1 5
2 2 218 N 2 0 5 4 2 20 1 5
3 2 219 N 3 0 5 4 3 20 1 5
4 2 220 N 4 0 5 4 4 20 1 5
5 2 228 N 0 1 5 4 5 20 1 6
6 2 229 0 1 1 5 4 6 20 1 6
7 2 230 1 2 1 5 4 7 20 1 6
8 2 231 2 3 1 5 4 8 20 1 6
9 2 232 3 4 1 5 4 9 20 1 6
10 2 240 N 0 2 5 4 10 20 1 7
11 2 241 5 1 2 5 4 11 20 1 7
12 2 242 6 2 2 5 4 12 20 1 7
13 2 243 7 3 2 5 4 13 20 1 7
14 2 244 8 4 2 5 4 14 20 1 7
15 2 252 N 0 3 5 4 15 20 1 8
16 2 253 10 1 3 5 4 16 20 1 8
17 2 254 11 2 3 5 4 17 20 1 8
18 2 255 12 3 3 5 4 18 20 1 8
19 2 256 13 4 3 5 4 19 20 1 8
0 2 384 N 0 0 5 4 0 20 2 5
1 2 385 N 1 0 5 4 1 20 2 5
2 2 386 N 2 0 5 4 2 20 2 5
3 2 387 N 3 0 5 4 3 20 2 5
4 2 388 N 4 0 5 4 4 20 2 5
5 2 396 N 0 1 5 4 5 20 2 6
6 2 397 0 1 1 5 4 6 20 2 6
7 2 398 1 2 1 5 4 7 20 2 6
8 2 399 2 3 1 5 4 8 20 2 6
9 2 400 3 4 1 5 4 9 20 2 6
10 2 408 N 0 2 5 4 10 20 2 7
11 2 409 5 1 2 5 4 11 20 2 7
12 2 410 6 2 2 5 4 12 20 2 7
13 2 411 7 3 2 5 4 13 20 2 7
14 2 412 8 4 2 5 4 14 20 2 7
15 2 420 N 0 3 5 4 15 20 2 8
16 2 421 10 1 3 5 4 16 20 2 8
17 2 422 11 2 3 5 4 17 20 2 8
18 2 423 12 3 3 5 4 18 20 2 8
19 2 424 13 4 3 5 4 19 20 2 8
0 2 384 N 0 0 5 4 0 20 2 5
1 2 385 N 1 0 5 4 1 20 2 5
2 2 386 N 2 0 5 4 2 20 2 5
3 2 387 N 3 0 5 4 3 20 2 5
4 2 388 N 4 0 5 4 4 20 2 5
5 2 396 N 0 1 5 4 5 20 2 6
6 2 397 0 1 1 5 4 6 20 2 6
7 2 398 1 2 1 5 4 7 20 2 6
8 2 399 2 3 1 5 4 8 20 2 6
9 2 400 3 4 1 5 4 9 20 2 6
10 2 408 N 0 2 5 4 10 20 2 7
11 2 409 5 1 2 5 4 11 20 2 7
12 2 410 6 2 2 5 4 12 20 2 7
13 2 411 7 3 2 5 4 13 20 2 7
14 2 412 8 4 2 5 4 14 20 2 7
15 2 420 N 0 3 5 4 15 20 2 8
16 2 421 10 1 3 5 4 16 20 2 8
17 2 422 11 2 3 5 4 17 20 2 8
18 2 423 12 3 3 5 4 18 20 2 8
19 2 424 13 4 3 5 4 19 20 2 8
0 2 216 N 0 0 5 4 0 20 1 5
1 2 217 N 1 0 5 4 1 20 1 5
2 2 218 N 2 0 5 4 2 20 1 5
3 2 219 N 3 0 5 4 3 20 1 5
4 2 220 N 4 0 5 4 4 20 1 5
5 2 228 N 0 1 5 4 5 20 1 6
6 2 229 0 1 1 5 4 6 20 1 6
7 2 230 1 2 1 5 4 7 20 1 6
8 2 231 2 3 1 5 4 8 20 1 6
9 2 232 3 4 1 5 4 9 20 1 6
10 2 240 N 0 2 5 4 10 20 1 7
11 2 241 5 1 2 5 4 11 20 1 7
12 2 242 6 2 2 5 4 12 20 1 7
13 2 243 7 3 2 5 4 13 20 1 7
14 2 244 8 4 2 5 4 14 20 1 7
15 2 252 N 0 3 5 4 15 20 1 8
16 2 253 10 1 3 5 4 16 20 1 8
17 2 254 11 2 3 5 4 17 20 1 8
18 2 255 12 3 3 5 4 18 20 1 8
19 2 256 13 4 3 5 4 19 20 1 8
0 2 216 N 0 0 5 4 0 20 1 5
1 2 217 N 1 0 5 4 1 20 1 5
2 2 218 N 2 0 5 4 2 20 1 5
3 2 219 N 3 0 5 4 3 20 1 5
4 2 220 N 4 0 5 4 4 20 1 5
5 2 228 N 0 1 5 4 5 20 1 6
6 2 229 0 1 1 5 4 6 20 1 6
7 2 230 1 2 1 5 4 7 20 1 6
8 2 231 2 3 1 5 4 8 20 1 6
9 2 232 3 4 1 5 4 9 20 1 6
10 2 240 N 0 2 5 4 10 20 1 7
11 2 241 5 1 2 5 4 11 20 1 7
12 2 242 6 2 2 5 4 12 20 1 7
13 2 243 7 3 2 5 4 13 20 1 7
14 2 244 8 4 2 5 4 14 20 1 7
15 2 252 N 0 3 5 4 15 20 1 8
16 2 253 10 1 3 5 4 16 20 1 8
17 2 254 11 2 3 5 4 17 20 1 8
18 2 255 12 3 3 5 4 18 20 1 8
19 2 256 13 4 3 5 4 19 20 1 8
0 2 384 N 0 0 5 4 0 20 2 5
1 2 385 N 1 0 5 4 1 20 2 5
2 2 386 N 2 0 5 4 2 20 2 5
3 2 387 N 3 0 5 4 3 20 2 5
4 2 388 N 4 0 5 4 4 20 2 5
5 2 396 N 0 1 5 4 5 20 2 6
6 2 397 0 1 1 5 4 6 20 2 6
7 2 398 1 2 1 5 4 7 20 2 6
8 2 399 2 3 1 5 4 8 20 2 6
9 2 400 3 4 1 5 4 9 20 2 6
10 2 408 N 0 2 5 4 10 20 2 7
11 2 409 5 1 2 5 4 11 20 2 7
12 2 410 6 2 2 5 4 12 20 2 7
13 2 411 7 3 2 5 4 13 20 2 7
14 2 412 8 4 2 5 4 14 20 2 7
15 2 420 N 0 3 5 4 15 20 2 8
16 2 421 10 1 3 5 4 16 20 2 8
17 2 422 11 2 3 5 4 17 20 2 8
18 2 423 12 3 3 5 4 18 20 2 8
19 2 424 13 4 3 5 4 19 20 2 8
0 2 384 N 0 0 5 4 0 20 2 5
1 2 385 N 1 0 5 4 1 20 2 5
2 2 386 N 2 0 5 4 2 20 2 5
3 2 387 N 3 0 5 4 3 20 2 5
4 2 388 N 4 0 5 4 4 20 2 5
5 2 396 N 0 1 5 4 5 20 2 6
6 2 397 0 1 1 5 4 6 20 2 6
7 2 398 1 2 1 5 4 7 20 2 6
8 2 399 2 3 1 5 4 8 20 2 6
9 2 400 3 4 1 5 4 9 20 2 6
10 2 408 N 0 2 5 4 10 20 2 7
11 2 409 5 1 2 5 4 11 20 2 7
12 2 410 6 2 2 5 4 12 20 2 7
13 2 411 7 3 2 5 4 13 20 2 7
14 2 412 8 4 2 5 4 14 20 2 7
15 2 420 N 0 3 5 4 15 20 2 8
16 2 421 10 1 3 5 4 16 20 2 8
17 2 422 11 2 3 5 4 17 20 2 8
18 2 423 12 3 3 5 4 18 20 2 8
19 2 424 13 4 3 5 4 19 20 2 8
0 3 221 N 0 0 5 4 0 20 1 5
1 3 222 N 1 0 5 4 1 20 1 5
2 3 223 N 2 0 5 4 2 20 1 5
3 3 224 N 3 0 5 4 3 20 1 5
4 3 225 N 4 0 5 4 4 20 1 5
5 3 233 N 0 1 5 4 5 20 1 6
6 3 234 0 1 1 5 4 6 20 1 6
7 3 235 1 2 1 5 4 7 20 1 6
8 3 236 2 3 1 5 4 8 20 1 6
9 3 237 3 4 1 5 4 9 20 1 6
10 3 245 N 0 2 5 4 10 20 1 7
11 3 246 5 1 2 5 4 11 20 1 7
12 3 247 6 2 2 5 4 12 20 1 7
13 3 248 7 3 2 5 4 13 20 1 7
14 3 249 8 4 2 5 4 14 20 1 7
15 3 257 N 0 3 5 4 15 20 1 8
16 3 258 10 1 3 5 4 16 20 1 8
17 3 259 11 2 3 5 4 17 20 1 8
18 3 260 12 3 3 5 4 18 20 1 8
19 3 261 13 4 3 5 4 19 20 1 8
0 3 221 N 0 0 5 4 0 20 1 5
1 3 222 N 1 0 5 4 1 20 1 5
2 3 223 N 2 0 5 4 2 20 1 5
3 3 224 N 3 0 5 4 3 20 1 5
4 3 225 N 4 0 5 4 4 20 1 5
5 3 233 N 0 1 5 4 5 20 1 6
6 3 234 0 1 1 5 4 6 20 1 6
7 3 235 1 2 1 5 4 7 20 1 6
8 3 236 2 3 1 5 4 8 20 1 6
9 3 237 3 4 1 5 4 9 20 1 6
10 3 245 N 0 2 5 4 10 20 1 7
11 3 246 5 1 2 5 4 11 20 1 7
12 3 247 6 2 2 5 4 12 20 1 7
13 3 248 7 3 2 5 4 13 20 1 7
14 3 249 8 4 2 5 4 14 20 1 7
15 3 257 N 0 3 5 4 15 20 1 8
16 3 258 10 1 3 5 4 16 20 1 8
17 3 259 11 2 3 5 4 17 20 1 8
18 3 260 12 3 3 5 4 18 20 1 8
19 3 261 13 4 3 5 4 19 20 1 8
0 3 389 N 0 0 5 4 0 20 2 5
1 3 390 N 1 0 5 4 1 20 2 5
2 3 391 N 2 0 5 4 2 20 2 5
3 3 392 N 3 0 5 4 3 20 2 5
4 3 393 N 4 0 5 4 4 20 2 5
5 3 401 N 0 1 5 4 5 20 2 6
6 3 402 0 1 1 5 4 6 20 2 6
7 3 403 1 2 1 5 4 7 20 2 6
8 3 404 2 3 1 5 4 8 20 2 6
9 3 405 3 4 1 5 4 9 20 2 6
10 3 413 N 0 2 5 4 10 20 2 7
11 3 414 5 1 2 5 4 11 20 2 7
12 3 415 6 2 2 5 4 12 20 2 7
13 3 416 7 3 2 5 4 13 20 2 7
14 3 417 8 4 2 5 4 14 20 2 7
15 3 425 N 0 3 5 4 15 20 2 8
16 3 426 10 1 3 5 4 16 20 2 8
17 3 427 11 2 3 5 4 17 20 2 8
18 3 428 12 3 3 5 4 18 20 2 8
19 3 429 13 4 3 5 4 19 20 2 8
0 3 389 N 0 0 5 4 0 20 2 5
1 3 390 N 1 0 5 4 1 20 2 5
2 3 391 N 2 0 5 4 2 20 2 5
3 3 392 N 3 0 5 4 3 20 2 5
4 3 393 N 4 0 5 4 4 20 2 5
5 3 401 N 0 1 5 4 5 20 2 6
6 3 402 0 1 1 5 4 6 20 2 6
7 3 403 1 2 1 5 4 7 20 2 6
8 3 404 2 3 1 5 4 8 20 2 6
9 3 405 3 4 1 5 4 9 20 2 6
10 3 413 N 0 2 5 4 10 20 2 7
11 3 414 5 1 2 5 4 11 20 2 7
12 3 415 6 2 2 5 4 12 20 2 7
13 3 416 7 3 2 5 4 13 20 2 7
14 3 417 8 4 2 5 4 14 20 2 7
15 3 425 N 0 3 5 4 15 20 2 8
16 3 426 10 1 3 5 4 16 20 2 8
17 3 427 11 2 3 5 4 17 20 2 8
18 3 428 12 3 3 5 4 18 20 2 8
19 3 429 13 4 3 5 4 19 20 2 8
0 3 221 N 0 0 5 4 0 20 1 5
1 3 222 N 1 0 5 4 1 20 1 5
2 3 223 N 2 0 5 4 2 20 1 5
3 3 224 N 3 0 5 4 3 20 1 5
4 3 225 N 4 0 5 4 4 20 1 5
5 3 233 N 0 1 5 4 5 20 1 6
6 3 234 0 1 1 5 4 6 20 1 6
7 3 235 1 2 1 5 4 7 20 1 6
8 3 236 2 3 1 5 4 8 20 1 6
9 3 237 3 4 1 5 4 9 20 1 6
10 3 245 N 0 2 5 4 10 20 1 7
11 3 246 5 1 2 5 4 11 20 1 7
12 3 247 6 2 2 5 4 12 20 1 7
13 3 248 7 3 2 5 4 13 20 1 7
14 3 249 8 4 2 5 4 14 20 1 7
15 3 257 N 0 3 5 4 15 20 1 8
16 3 258 10 1 3 5 4 16 20 1 8
17 3 259 11 2 3 5 4 17 20 1 8
18 3 260 12 3 3 5 4 18 20 1 8
19 3 261 13 4 3 5 4 19 20 1 8
0 3 221 N 0 0 5 4 0 20 1 5
1 3 222 N 1 0 5 4 1 20 1 5
2 3 223 N 2 0 5 4 2 20 1 5
3 3 224 N 3 0 5 4 3 20 1 5
4 3 225 N 4 0 5 4 4 20 1 5
5 3 233 N 0 1 5 4 5 20 1 6
6 3 234 0 1 1 5 4 6 20 1 6
7 3 235 1 2 1 5 4 7 20 1 6
8 3 236 2 3 1 5 4 8 20 1 6
9 3 237 3 4 1 5 4 9 20 1 6
10 3 245 N 0 2 5 4 10 20 1 7
11 3 246 5 1 2 5 4 11 20 1 7
12 3 247 6 2 2 5 4 12 20 1 7
13 3 248 7 3 2 5 4 13 20 1 7
14 3 249 8 4 2 5 4 14 20 1 7
15 3 257 N 0 3 5 4 15 20 1 8
16 3 258 10 1 3 5 4 16 20 1 8
17 3 259 11 2 3 5 4 17 20 1 8
18 3 260 12 3 3 5 4 18 20 1 8
19 3 261 13 4 3 5 4 19 20 1 8
0 3 389 N 0 0 5 4 0 20 2 5
1 3 390 N 1 0 5 4 1 20 2 5
2 3 391 N 2 0 5 4 2 20 2 5
3 3 392 N 3 0 5 4 3 20 2 5
4 3 393 N 4 0 5 4 4 20 2 5
5 3 401 N 0 1 5 4 5 20 2 6
6 3 402 0 1 1 5 4 6 20 2 6
7 3 403 1 2 1 5 4 7 20 2 6
8 3 404 2 3 1 5 4 8 20 2 6
9 3 405 3 4 1 5 4 9 20 2 6
10 3 413 N 0 2 5 4 10 20 2 7
11 3 414 5 1 2 5 4 11 20 2 7
12 3 415 6 2 2 5 4 12 20 2 7
13 3 416 7 3 2 5 4 13 20 2 7
14 3 417 8 4 2 5 4 14 20 2 7
15 3 425 N 0 3 5 4 15 20 2 8
16 3 426 10 1 3 5 4 16 20 2 8
17 3 427 11 2 3 5 4 17 20 2 8
18 3 428 12 3 3 5 4 18 20 2 8
19 3 429 13 4 3 5 4 19 20 2 8
0 3 389 N 0 0 5 4 0 20 2 5
1 3 390 N 1 0 5 4 1 20 2 5
2 3 391 N 2 0 5 4 2 20 2 5
3 3 392 N 3 0 5 4 3 20 2 5
4 3 393 N 4 0 5 4 4 20 2 5
5 3 401 N 0 1 5 4 5 20 2 6
6 3 402 0 1 1 5 4 6 20 2 6
7 3 403 1 2 1 5 4 7 20 2 6
8 3 404 2 3 1 5 4 8 20 2 6
9 3 405 3 4 1 5 4 9 20 2 6
10 3 413 N 0 2 5 4 10 20 2 7
11 3 414 5 1 2 5 4 11 20 2 7
12 3 415 6 2 2 5 4 12 20 2 7
13 3 416 7 3 2 5 4 13 20 2 7
14 3 417 8 4 2 5 4 14 20 2 7
15 3 425 N 0 3 5 4 15 20 2 8
16 3 426 10 1 3 5 4 16 20 2 8
17 3 427 11 2 3 5 4 17 20 2 8
18 3 428 12 3 3 5 4 18 20 2 8
19 3 429 13 4 3 5 4 19 20 2 8
0 3 221 N 0 0 5 4 0 20 1 5
1 3 222 N 1 0 5 4 1 20 1 5
2 3 223 N 2 0 5 4 2 20 1 5
3 3 224 N 3 0 5 4 3 20 1 5
4 3 225 N 4 0 5 4 4 20 1 5
5 3 233 N 0 1 5 4 5 20 1 6
6 3 234 0 1 1 5 4 6 20 1 6
7 3 235 1 2 1 5 4 7 20 1 6
8 3 236 2 3 1 5 4 8 20 1 6
9 3 237 3 4 1 5 4 9 20 1 6
10 3 245 N 0 2 5 4 10 20 1 7
11 3 246 5 1 2 5 4 11 20 1 7
12 3 247 6 2 2 5 4 12 20 1 7
13 3 248 7 3 2 5 4 13 20 1 7
14 3 249 8 4 2 5 4 14 20 1 7
15 3 257 N 0 3 5 4 15 20 1 8
16 3 258 10 1 3 5 4 16 20 1 8
17 3 259 11 2 3 5 4 17 20 1 8
18 3 260 12 3 3 5 4 18 20 1 8
19 3 261 13 4 3 5 4 19 20 1 8
0 3 221 N 0 0 5 4 0 20 1 5
1 3 222 N 1 0 5 4 1 20 1 5
2 3 223 N 2 0 5 4 2 20 1 5
3 3 224 N 3 0 5 4 3 20 1 5
4 3 225 N 4 0 5 4 4 20 1 5
5 3 233 N 0 1 5 4 5 20 1 6
6 3 234 0 1 1 5 4 6 20 1 6
7 3 235 1 2 1 5 4 7 20 1 6
8 3 236 2 3 1 5 4 8 20 1 6
9 3 237 3 4 1 5 4 9 20 1 6
10 3 245 N 0 2 5 4 10 20 1 7
11 3 246 5 1 2 5 4 11 20 1 7
12 3 247 6 2 2 5 4 12 20 1 7
13 3 248 7 3 2 5 4 13 20 1 7
14 3 249 8 4 2 5 4 14 20 1 7
15 3 257 N 0 3 5 4 15 20 1 8
16 3 258 10 1 3 5 4 16 20 1 8
17 3 259 11 2 3 5 4 17 20 1 8
18 3 260 12 3 3 5 4 18 20 1 8
19 3 261 13 4 3 5 4 19 20 1 8
0 3 389 N 0 0 5 4 0 20 2 5
1 3 390 N 1 0 5 4 1 20 2 5
2 3 391 N 2 0 5 4 2 20 2 5
3 3 392 N 3 0 5 4 3 20 2 5
4 3 393 N 4 0 5 4 4 20 2 5
5 3 401 N 0 1 5 4 5 20 2 6
6 3 402 0 1 1 5 4 6 20 2 6
7 3 403 1 2 1 5 4 7 20 2 6
8 3 404 2 3 1 5 4 8 20 2 6
9 3 405 3 4 1 5 4 9 20 2 6
10 3 413 N 0 2 5 4 10 20 2 7
11 3 414 5 1 2 5 4 11 20 2 7
12 3 415 6 2 2 5 4 12 20 2 7
13 3 416 7 3 2 5 4 13 20 2 7
14 3 417 8 4 2 5 4 14 20 2 7
15 3 425 N 0 3 5 4 15 20 2 8
16 3 426 10 1 3 5 4 16 20 2 8
17 3 427 11 2 3 5 4 17 20 2 8
18 3 428 12 3 3 5 4 18 20 2 8
19 3 429 13 4 3 5 4 19 20 2 8
0 3 389 N 0 0 5 4 0 20 2 5
1 3 390 N 1 0 5 4 1 20 2 5
2 3 391 N 2 0 5 4 2 20 2 5
3 3 392 N 3 0 5 4 3 20 2 5
4 3 393 N 4 0 5 4 4 20 2 5
5 3 401 N 0 1 5 4 5 20 2 6
6 3 402 0 1 1 5 4 6 20 2 6
7 3 403 1 2 1 5 4 7 20 2 6
8 3 404 2 3 1 5 4 8 20 2 6
9 3 405 3 4 1 5 4 9 20 2 6
10 3 413 N 0 2 5 4 10 20 2 7
11 3 414 5 1 2 5 4 11 20 2 7
12 3 415 6 2 2 5 4 12 20 2 7
13 3 416 7 3 2 5 4 13 20 2 7
14 3 417 8 4 2 5 4 14 20 2 7
15 3 425 N 0 3 5 4 15 20 2 8
16 3 426 10 1 3 5 4 16 20 2 8
17 3 427 11 2 3 5 4 17 20 2 8
18 3 428 12 3 3 5 4 18 20 2 8
19 3 429 13 4 3 5 4 19 20 2 8
0 4 264 N 0 0 5 4 0 20 1 9
1 4 265 N 1 0 5 4 1 20 1 9
2 4 266 N 2 0 5 4 2 20 1 9
3 4 267 N 3 0 5 4 3 20 1 9
4 4 268 N 4 0 5 4 4 20 1 9
5 4 276 N 0 1 5 4 5 20 1 10
6 4 277 0 1 1 5 4 6 20 1 10
7 4 278 1 2 1 5 4 7 20 1 10
8 4 279 2 3 1 5 4 8 20 1 10
9 4 280 3 4 1 5 4 9 20 1 10
10 4 288 N 0 2 5 4 10 20 1 11
11 4 289 5 1 2 5 4 11 20 1 11
12 4 290 6 2 2 5 4 12 20 1 11
13 4 291 7 3 2 5 4 13 20 1 11
14 4 292 8 4 2 5 4 14 20 1 11
15 4 300 N 0 3 5 4 15 20 1 12
16 4 301 10 1 3 5 4 16 20 1 12
17 4 302 11 2 3 5 4 17 20 1 12
18 4 303 12 3 3 5 4 18 20 1 12
19 4 304 13 4 3 5 4 19 20 1 12
0 4 264 N 0 0 5 4 0 20 1 9
1 4 265 N 1 0 5 4 1 20 1 9
2 4 266 N 2 0 5 4 2 20 1 9
3 4 267 N 3 0 5 4 3 20 1 9
4 4 268 N 4 0 5 4 4 20 1 9
5 4 276 N 0 1 5 4 5 20 1 10
6 4 277 0 1 1 5 4 6 20 1 10
7 4 278 1 2 1 5 4 7 20 1 10
8 4 279 2 3 1 5 4 8 20 1 10
9 4 280 3 4 1 5 4 9 20 1 10
10 4 288 N 0 2 5 4 10 20 1 11
11 4 289 5 1 2 5 4 11 20 1 11
12 4 290 6 2 2 5 4 12 20 1 11
13 4 291 7 3 2 5 4 13 20 1 11
14 4 292 8 4 2 5 4 14 20 1 11
15 4 300 N 0 3 5 4 15 20 1 12
16 4 301 10 1 3 5 4 16 20 1 12
17 4 302 11 2 3 5 4 17 20 1 12
18 4 303 12 3 3 5 4 18 20 1 12
19 4 304 13 4 3 5 4 19 20 1 12
0 4 432 N 0 0 5 4 0 20 2 9
1 4 433 N 1 0 5 4 1 20 2 9
2 4 434 N 2 0 5 4 2 20 2 9
3 4 435 N 3 0 5 4 3 20 2 9
4 4 436 N 4 0 5 4 4 20 2 9
5 4 444 N 0 1 5 4 5 20 2 10
6 4 445 0 1 1 5 4 6 20 2 10
7 4 446 1 2 1 5 4 7 20 2 10
8 4 447 2 3 1 5 4 8 20 2 10
9 4 448 3 4 1 5 4 9 20 2 10
10 4 456 N 0 2 5 4 10 20 2 11
11 4 457 5 1 2 5 4 11 20 2 11
12 4 458 6 2 2 5 4 12 20 2 11
13 4 459 7 3 2 5 4 13 20 2 11
14 4 460 8 4 2 5 4 14 20 2 11
15 4 468 N 0 3 5 4 15 20 2 12
16 4 469 10 1 3 5 4 16 20 2 12
17 4 470 11 2 3 5 4 17 20 2 12
18 4 471 12 3 3 5 4 18 20 2 12
19 4 472 13 4 3 5 4 19 20 2 12
0 4 432 N 0 0 5 4 0 20 2 9
1 4 433 N 1 0 5 4 1 20 2 9
2 4 434 N 2 0 5 4 2 20 2 9
3 4 435 N 3 0 5 4 3 20 2 9
4 4 436 N 4 0 5 4 4 20 2 9
5 4 444 N 0 1 5 4 5 20 2 10
6 4 445 0 1 1 5 4 6 20 2 10
7 4 446 1 2 1 5 4 7 20 2 10
8 4 447 2 3 1 5 4 8 20 2 10
9 4 448 3 4 1 5 4 9 20 2 10
10 4 456 N 0 2 5 4 10 20 2 11
11 4 457 5 1 2 5 4 11 20 2 11
12 4 458 6 2 2 5 4 12 20 2 11
13 4 459 7 3 2 5 4 13 20 2 11
14 4 460 8 4 2 5 4 14 20 2 11
15 4 468 N 0 3 5 4 15 20 2 12
16 4 469 10 1 3 5 4 16 20 2 12
17 4 470 11 2 3 5 4 17 20 2 12
18 4 471 12 3 3 5 4 18 20 2 12
19 4 472 13 4 3 5 4 19 20 2 12
0 4 264 N 0 0 5 4 0 20 1 9
1 4 265 N 1 0 5 4 1 20 1 9
2 4 266 N 2 0 5 4 2 20 1 9
3 4 267 N 3 0 5 4 3 20 1 9
4 4 268 N 4 0 5 4 4 20 1 9
5 4 276 N 0 1 5 4 5 20 1 10
6 4 277 0 1 1 5 4 6 20 1 10
7 4 278 1 2 1 5 4 7 20 1 10
8 4 279 2 3 1 5 4 8 20 1 10
9 4 280 3 4 1 5 4 9 20 1 10
10 4 288 N 0 2 5 4 10 20 1 11
11 4 289 5 1 2 5 4 11 20 1 11
12 4 290 6 2 2 5 4 12 20 1 11
13 4 291 7 3 2 5 4 13 20 1 11
14 4 292 8 4 2 5 4 14 20 1 11
15 4 300 N 0 3 5 4 15 20 1 12
16 4 301 10 1 3 5 4 16 20 1 12
17 4 302 11 2 3 5 4 17 20 1 12
18 4 303 12 3 3 5 4 18 20 1 12
19 4 304 13 4 3 5 4 19 20 1 12
0 4 264 N 0 0 5 4 0 20 1 9
1 4 265 N 1 0 5 4 1 20 1 9
2 4 266 N 2 0 5 4 2 20 1 9
3 4 267 N 3 0 5 4 3 20 1 9
4 4 268 N 4 0 5 4 4 20 1 9
5 4 276 N 0 1 5 4 5 20 1 10
6 4 277 0 1 1 5 4 6 20 1 10
7 4 278 1 2 1 5 4 7 20 1 10
8 4 279 2 3 1 5 4 8 20 1 10
9 4 280 3 4 1 5 4 9 20 1 10
10 4 288 N 0 2 5 4 10 20 1 11
11 4 289 5 1 2 5 4 11 20 1 11
12 4 290 6 2 2 5 4 12 20 1 11
13 4 291 7 3 2 5 4 13 20 1 11
14 4 292 8 4 2 5 4 14 20 1 11
15 4 300 N 0 3 5 4 15 20 1 12
16 4 301 10 1 3 5 4 16 20 1 12
17 4 302 11 2 3 5 4 17 20 1 12
18 4 303 12 3 3 5 4 18 20 1 12
19 4 304 13 4 3 5 4 19 20 1 12
0 4 432 N 0 0 5 4 0 20 2 9
1 4 433 N 1 0 5 4 1 20 2 9
2 4 434 N 2 0 5 4 2 20 2 9
3 4 435 N 3 0 5 4 3 20 2 9
4 4 436 N 4 0 5 4 4 20 2 9
5 4 444 N 0 1 5 4 5 20 2 10
6 4 445 0 1 1 5 4 6 20 2 10
7 4 446 1 2 1 5 4 7 20 2 10
8 4 447 2 3 1 5 4 8 20 2 10
9 4 448 3 4 1 5 4 9 20 2 10
10 4 456 N 0 2 5 4 10 20 2 11
11 4 457 5 1 2 5 4 11 20 2 11
12 4 458 6 2 2 5 4 12 20 2 11
13 4 459 7 3 2 5 4 13 20 2 11
14 4 460 8 4 2 5 4 14 20 2 11
15 4 468 N 0 3 5 4 15 20 2 12
16 4 469 10 1 3 5 4 16 20 2 12
17 4 470 11 2 3 5 4 17 20 2 12
18 4 471 12 3 3 5 4 18 20 2 12
19 4 472 13 4 3 5 4 19 20 2 12
0 4 432 N 0 0 5 4 0 20 2 9
1 4 433 N 1 0 5 4 1 20 2 9
2 4 434 N 2 0 5 4 2 20 2 9
3 4 435 N 3 0 5 4 3 20 2 9
4 4 436 N 4 0 5 4 4 20 2 9
5 4 444 N 0 1 5 4 5 20 2 10
6 4 445 0 1 1 5 4 6 20 2 10
7 4 446 1 2 1 5 4 7 20 2 10
8 4 447 2 3 1 5 4 8 20 2 10
9 4 448 3 4 1 5 4 9 20 2 10
10 4 456 N 0 2 5 4 10 20 2 11
11 4 457 5 1 2 5 4 11 20 2 11
12 4 458 6 2 2 5 4 12 20 2 11
13 4 459 7 3 2 5 4 13 20 2 11
14 4 460 8 4 2 5 4 14 20 2 11
15 4 468 N 0 3 5 4 15 20 2 12
16 4 469 10 1 3 5 4 16 20 2 12
17 4 470 11 2 3 5 4 17 20 2 12
18 4 471 12 3 3 5 4 18 20 2 12
19 4 472 13 4 3 5 4 19 20 2 12
0 4 264 N 0 0 5 4 0 20 1 9
1 4 265 N 1 0 5 4 1 20 1 9
2 4 266 N 2 0 5 4 2 20 1 9
3 4 267 N 3 0 5 4 3 20 1 9
4 4 268 N 4 0 5 4 4 20 1 9
5 4 276 N 0 1 5 4 5 20 1 10
6 4 277 0 1 1 5 4 6 20 1 10
7 4 278 1 2 1 5 4 7 20 1 10
8 4 279 2 3 1 5 4 8 20 1 10
9 4 280 3 4 1 5 4 9 20 1 10
10 4 288 N 0 2 5 4 10 20 1 11
11 4 289 5 1 2 5 4 11 20 1 11
12 4 290 6 2 2 5 4 12 20 1 11
13 4 291 7 3 2 5 4 13 20 1 11
14 4 292 8 4 2 5 4 14 20 1 11
15 4 300 N 0 3 5 4 15 20 1 12
16 4 301 10 1 3 5 4 16 20 1 12
17 4 302 11 2 3 5 4 17 20 1 12
18 4 303 12 3 3 5 4 18 20 1 12
19 4 304 13 4 3 5 4 19 20 1 12
0 4 264 N 0 0 5 4 0 20 1 9
1 4 265 N 1 0 5 4 1 20 1 9
2 4 266 N 2 0 5 4 2 20 1 9
3 4 267 N 3 0 5 4 3 20 1 9
4 4 268 N 4 0 5 4 4 20 1 9
5 4 276 N 0 1 5 4 5 20 1 10
6 4 277 0 1 1 5 4 6 20 1 10
7 4 278 1 2 1 5 4 7 20 1 10
8 4 279 2 3 1 5 4 8 20 1 10
9 4 280 3 4 1 5 4 9 20 1 10
10 4 288 N 0 2 5 4 10 20 1 11
11 4 289 5 1 2 5 4 11 20 1 11
12 4 290 6 2 2 5 4 12 20 1 11
13 4 291 7 3 2 5 4 13 20 1 11
14 4 292 8 4 2 5 4 14 20 1 11
15 4 300 N 0 3 5 4 15 20 1 12
16 4 301 10 1 3 5 4 16 20 1 12
17 4 302 11 2 3 5 4 17 20 1 12
18 4 303 12 3 3 5 4 18 20 1 12
19 4 304 13 4 3 5 4 19 20 1 12
0 4 432 N 0 0 5 4 0 20 2 9
1 4 433 N 1 0 5 4 1 20 2 9
2 4 434 N 2 0 5 4 2 20 2 9
3 4 435 N 3 0 5 4 3 20 2 9
4 4 436 N 4 0 5 4 4 20 2 9
5 4 444 N 0 1 5 4 5 20 2 10
6 4 445 0 1 1 5 4 6 20 2 10
7 4 446 1 2 1 5 4 7 20 2 10
8 4 447 2 3 1 5 4 8 20 2 10
9 4 448 3 4 1 5 4 9 20 2 10
10 4 456 N 0 2 5 4 10 20 2 11
11 4 457 5 1 2 5 4 11 20 2 11
12 4 458 6 2 2 5 4 12 20 2 11
13 4 459 7 3 2 5 4 13 20 2 11
14 4 460 8 4 2 5 4 14 20 2 11
15 4 468 N 0 3 5 4 15 20 2 12
16 4 469 10 1 3 5 4 16 20 2 12
17 4 470 11 2 3 5 4 17 20 2 12
18 4 471 12 3 3 5 4 18 20 2 12
19 4 472 13 4 3 5 4 19 20 2 12
0 4 432 N 0 0 5 4 0 20 2 9
1 4 433 N 1 0 5 4 1 20 2 9
2 4 434 N 2 0 5 4 2 20 2 9
3 4 435 N 3 0 5 4 3 20 2 9
4 4 436 N 4 0 5 4 4 20 2 9
5 4 444 N 0 1 5 4 5 20 2 10
6 4 445 0 1 1 5 4 6 20 2 10
7 4 446 1 2 1 5 4 7 20 2 10
8 4 447 2 3 1 5 4 8 20 2 10
9 4 448 3 4 1 5 4 9 20 2 10
10 4 456 N 0 2 5 4 10 20 2 11
11 4 457 5 1 2 5 4 11 20 2 11
12 4 458 6 2 2 5 4 12 20 2 11
13 4 459 7 3 2 5 4 13 20 2 11
14 4 460 8 4 2 5 4 14 20 2 11
15 4 468 N 0 3 5 4 15 20 2 12
16 4 469 10 1 3 5 4 16 20 2 12
17 4 470 11 2 3 5 4 17 20 2 12
18 4 471 12 3 3 5 4 18 20 2 12
19 4 472 13 4 3 5 4 19 20 2 12
0 5 269 N 0 0 5 4 0 20 1 9
1 5 270 N 1 0 5 4 1 20 1 9
2 5 271 N 2 0 5 4 2 20 1 9
3 5 272 N 3 0 5 4 3 20 1 9
4 5 273 N 4 0 5 4 4 20 1 9
5 5 281 N 0 1 5 4 5 20 1 10
6 5 282 0 1 1 5 4 6 20 1 10
7 5 283 1 2 1 5 4 7 20 1 10
8 5 284 2 3 1 5 4 8 20 1 10
9 5 285 3 4 1 5 4 9 20 1 10
10 5 293 N 0 2 5 4 10 20 1 11
11 5 294 5 1 2 5 4 11 20 1 11
12 5 295 6 2 2 5 4 12 20 1 11
13 5 296 7 3 2 5 4 13 20 1 11
14 5 297 8 4 2 5 4 14 20 1 11
15 5 305 N 0 3 5 4 15 20 1 12
16 5 306 10 1 3 5 4 16 20 1 12
17 5 307 11 2 3 5 4 17 20 1 12
18 5 308 12 3 3 5 4 18 20 1 12
19 5 309 13 4 3 5 4 19 20 1 12
0 5 269 N 0 0 5 4 0 20 1 9
1 5 270 N 1 0 5 4 1 20 1 9
2 5 271 N 2 0 5 4 2 20 1 9
3 5 272 N 3 0 5 4 3 20 1 9
4 5 273 N 4 0 5 4 4 20 1 9
5 5 281 N 0 1 5 4 5 20 1 10
6 5 282 0 1 1 5 4 6 20 1 10
7 5 283 1 2 1 5 4 7 20 1 10
8 5 284 2 3 1 5 4 8 20 1 10
9 5 285 3 4 1 5 4 9 20 1 10
10 5 293 N 0 2 5 4 10 20 1 11
11 5 294 5 1 2 5 4 11 20 1 11
12 5 295 6 2 2 5 4 12 20 1 11
13 5 296 7 3 2 5 4 13 20 1 11
14 5 297 8 4 2 5 4 14 20 1 11
15 5 305 N 0 3 5 4 15 20 1 12
16 5 306 10 1 3 5 4 16 20 1 12
17 5 307 11 2 3 5 4 17 20 1 12
18 5 308 12 3 3 5 4 18 20 1 12
19 5 309 13 4 3 5 4 19 20 1 12
0 5 437 N 0 0 5 4 0 20 2 9
1 5 438 N 1 0 5 4 1 20 2 9
2 5 439 N 2 0 5 4 2 20 2 9
3 5 440 N 3 0 5 4 3 20 2 9
4 5 441 N 4 0 5 4 4 20 2 9
5 5 449 N 0 1 5 4 5 20 2 10
6 5 450 0 1 1 5 4 6 20 2 10
7 5 451 1 2 1 5 4 7 20 2 10
8 5 452 2 3 1 5 4 8 20 2 10
9 5 453 3 4 1 5 4 9 20 2 10
10 5 461 N 0 2 5 4 10 20 2 11
11 5 462 5 1 2 5 4 11 20 2 11
12 5 463 6 2 2 5 4 12 20 2 11
13 5 464 7 3 2 5 4 13 20 2 11
14 5 465 8 4 2 5 4 14 20 2 11
15 5 473 N 0 3 5 4 15 20 2 12
16 5 474 10 1 3 5 4 16 20 2 12
17 5 475 11 2 3 5 4 17 20 2 12
18 5 476 12 3 3 5 4 18 20 2 12
19 5 477 13 4 3 5 4 19 20 2 12
0 5 437 N 0 0 5 4 0 20 2 9
1 5 438 N 1 0 5 4 1 20 2 9
2 5 439 N 2 0 5 4 2 20 2 9
3 5 440 N 3 0 5 4 3 20 2 9
4 5 441 N 4 0 5 4 4 20 2 9
5 5 449 N 0 1 5 4 5 20 2 10
6 5 450 0 1 1 5 4 6 20 2 10
7 5 451 1 2 1 5 4 7 20 2 10
8 5 452 2 3 1 5 4 8 20 2 10
9 5 453 3 4 1 5 4 9 20 2 10
10 5 461 N 0 2 5 4 10 20 2 11
11 5 462 5 1 2 5 4 11 20 2 11
12 5 463 6 2 2 5 4 12 20 2 11
13 5 464 7 3 2 5 4 13 20 2 11
14 5 465 8 4 2 5 4 14 20 2 11
15 5 473 N 0 3 5 4 15 20 2 12
16 5 474 10 1 3 5 4 16 20 2 12
17 5 475 11 2 3 5 4 17 20 2 12
18 5 476 12 3 3 5 4 18 20 2 12
19 5 477 13 4 3 5 4 19 20 2 12
0 5 269 N 0 0 5 4 0 20 1 9
1 5 270 N 1 0 5 4 1 20 1 9
2 5 271 N 2 0 5 4 2 20 1 9
3 5 272 N 3 0 5 4 3 20 1 9
4 5 273 N 4 0 5 4 4 20 1 9
5 5 281 N 0 1 5 4 5 20 1 10
6 5 282 0 1 1 5 4 6 20 1 10
7 5 283 1 2 1 5 4 7 20 1 10
8 5 284 2 3 1 5 4 8 20 1 10
9 5 285 3 4 1 5 4 9 20 1 10
10 5 293 N 0 2 5 4 10 20 1 11
11 5 294 5 1 2 5 4 11 20 1 11
12 5 295 6 2 2 5 4 12 20 1 11
13 5 296 7 3 2 5 4 13 20 1 11
14 5 297 8 4 2 5 4 14 20 1 11
15 5 305 N 0 3 5 4 15 20 1 12
16 5 306 10 1 3 5 4 16 20 1 12
17 5 307 11 2 3 5 4 17 20 1 12
18 5 308 12 3 3 5 4 18 20 1 12
19 5 309 13 4 3 5 4 19 20 1 12
0 5 269 N 0 0 5 4 0 20 1 9
1 5 270 N 1 0 5 4 1 20 1 9
2 5 271 N 2 0 5 4 2 20 1 9
3 5 272 N 3 0 5 4 3 20 1 9
4 5 273 N 4 0 5 4 4 20 1 9
5 5 281 N 0 1 5 4 5 20 1 10
6 5 282 0 1 1 5 4 6 20 1 10
7 5 283 1 2 1 5 4 7 20 1 10
8 5 284 2 3 1 5 4 8 20 1 10
9 5 285 3 4 1 5 4 9 20 1 10
10 5 293 N 0 2 5 4 10 20 1 11
11 5 294 5 1 2 5 4 11 20 1 11
12 5 295 6 2 2 5 4 12 20 1 11
13 5 296 7 3 2 5 4 13 20 1 11
14 5 297 8 4 2 5 4 14 20 1 11
15 5 305 N 0 3 5 4 15 20 1 12
16 5 306 10 1 3 5 4 16 20 1 12
17 5 307 11 2 3 5 4 17 20 1 12
18 5 308 12 3 3 5 4 18 20 1 12
19 5 309 13 4 3 5 4 19 20 1 12
0 5 437 N 0 0 5 4 0 20 2 9
1 5 438 N 1 0 5 4 1 20 2 9
2 5 439 N 2 0 5 4 2 20 2 9
3 5 440 N 3 0 5 4 3 20 2 9
4 5 441 N 4 0 5 4 4 20 2 9
5 5 449 N 0 1 5 4 5 20 2 10
6 5 450 0 1 1 5 4 6 20 2 10
7 5 451 1 2 1 5 4 7 20 2 10
8 5 452 2 3 1 5 4 8 20 2 10
9 5 453 3 4 1 5 4 9 20 2 10
10 5 461 N 0 2 5 4 10 20 2 11
11 5 462 5 1 2 5 4 11 20 2 11
12 5 463 6 2 2 5 4 12 20 2 11
13 5 464 7 3 2 5 4 13 20 2 11
14 5 465 8 4 2 5 4 14 20 2 11
15 5 473 N 0 3 5 4 15 20 2 12
16 5 474 10 1 3 5 4 16 20 2 12
17 5 475 11 2 3 5 4 17 20 2 12
18 5 476 12 3 3 5 4 18 20 2 12
19 5 477 13 4 3 5 4 19 20 2 12
0 5 437 N 0 0 5 4 0 20 2 9
1 5 438 N 1 0 5 4 1 20 2 9
2 5 439 N 2 0 5 4 2 20 2 9
3 5 440 N 3 0 5 4 3 20 2 9
4 5 441 N 4 0 5 4 4 20 2 9
5 5 449 N 0 1 5 4 5 20 2 10
6 5 450 0 1 1 5 4 6 20 2 10
7 5 451 1 2 1 5 4 7 20 2 10
8 5 452 2 3 1 5 4 8 20 2 10
9 5 453 3 4 1 5 4 9 20 2 10
10 5 461 N 0 2 5 4 10 20 2 11
11 5 462 5 1 2 5 4 11 20 2 11
12 5 463 6 2 2 5 4 12 20 2 11
13 5 464 7 3 2 5 4 13 20 2 11
14 5 465 8 4 2 5 4 14 20 2 11
15 5 473 N 0 3 5 4 15 20 2 12
16 5 474 10 1 3 5 4 16 20 2 12
17 5 475 11 2 3 5 4 17 20 2 12
18 5 476 12 3 3 5 4 18 20 2 12
19 5 477 13 4 3 5 4 19 20 2 12
0 5 269 N 0 0 5 4 0 20 1 9
1 5 270 N 1 0 5 4 1 20 1 9
2 5 271 N 2 0 5 4 2 20 1 9
3 5 272 N 3 0 5 4 3 20 1 9
4 5 273 N 4 0 5 4 4 20 1 9
5 5 281 N 0 1 5 4 5 20 1 10
6 5 282 0 1 1 5 4 6 20 1 10
7 5 283 1 2 1 5 4 7 20 1 10
8 5 284 2 3 1 5 4 8 20 1 10
9 5 285 3 4 1 5 4 9 20 1 10
10 5 293 N 0 2 5 4 10 20 1 11
11 5 294 5 1 2 5 4 11 20 1 11
12 5 295 6 2 2 5 4 12 20 1 11
13 5 296 7 3 2 5 4 13 20 1 11
14 5 297 8 4 2 5 4 14 20 1 11
15 5 305 N 0 3 5 4 15 20 1 12
16 5 306 10 1 3 5 4 16 20 1 12
17 5 307 11 2 3 5 4 17 20 1 12
18 5 308 12 3 3 5 4 18 20 1 12
19 5 309 13 4 3 5 4 19 20 1 12
0 5 269 N 0 0 5 4 0 20 1 9
1 5 270 N 1 0 5 4 1 20 1 9
2 5 271 N 2 0 5 4 2 20 1 9
3 5 272 N 3 0 5 4 3 20 1 9
4 5 273 N 4 0 5 4 4 20 1 9
5 5 281 N 0 1 5 4 5 20 1 10
6 5 282 0 1 1 5 4 6 20 1 10
7 5 283 1 2 1 5 4 7 20 1 10
8 5 284 2 3 1 5 4 8 20 1 10
9 5 285 3 4 1 5 4 9 20 1 10
10 5 293 N 0 2 5 4 10 20 1 11
11 5 294 5 1 2 5 4 11 20 1 11
12 5 295 6 2 2 5 4 12 20 1 11
13 5 296 7 3 2 5 4 13 20 1 11
14 5 297 8 4 2 5 4 14 20 1 11
15 5 305 N 0 3 5 4 15 20 1 12
16 5 306 10 1 3 5 4 16 20 1 12
17 5 307 11 2 3 5 4 17 20 1 12
18 5 308 12 3 3 5 4 18 20 1 12
19 5 309 13 4 3 5 4 19 20 1 12
0 5 437 N 0 0 5 4 0 20 2 9
1 5 438 N 1 0 5 4 1 20 2 9
2 5 439 N 2 0 5 4 2 20 2 9
3 5 440 N 3 0 5 4 3 20 2 9
4 5 441 N 4 0 5 4 4 20 2 9
5 5 449 N 0 1 5 4 5 20 2 10
6 5 450 0 1 1 5 4 6 20 2 10
7 5 451 1 2 1 5 4 7 20 2 10
8 5 452 2 3 1 5 4 8 20 2 10
9 5 453 3 4 1 5 4 9 20 2 10
10 5 461 N 0 2 5 4 10 20 2 11
11 5 462 5 1 2 5 4 11 20 2 11
12 5 463 6 2 2 5 4 12 20 2 11
13 5 464 7 3 2 5 4 13 20 2 11
14 5 465 8 4 2 5 4 14 20 2 11
15 5 473 N 0 3 5 4 15 20 2 12
16 5 474 10 1 3 5 4 16 20 2 12
17 5 475 11 2 3 5 4 17 20 2 12
18 5 476 12 3 3 5 4 18 20 2 12
19 5 477 13 4 3 5 4 19 20 2 12
0 5 437 N 0 0 5 4 0 20 2 9
1 5 438 N 1 0 5 4 1 20 2 9
2 5 439 N 2 0 5 4 2 20 2 9
3 5 440 N 3 0 5 4 3 20 2 9
4 5 441 N 4 0 5 4 4 20 2 9
5 5 449 N 0 1 5 4 5 20 2 10
6 5 450 0 1 1 5 4 6 20 2 10
7 5 451 1 2 1 5 4 7 20 2 10
8 5 452 2 3 1 5 4 8 20 2 10
9 5 453 3 4 1 5 4 9 20 2 10
10 5 461 N 0 2 5 4 10 20 2 11
11 5 462 5 1 2 5 4 11 20 2 11
12 5 463 6 2 2 5 4 12 20 2 11
13 5 464 7 3 2 5 4 13 20 2 11
14 5 465 8 4 2 5 4 14 20 2 11
15 5 473 N 0 3 5 4 15 20 2 12
16 5 474 10 1 3 5 4 16 20 2 12
17 5 475 11 2 3 5 4 17 20 2 12
18 5 476 12 3 3 5 4 18 20 2 12
19 5 477 13 4 3 5 4 19 20 2 12
