0 0 193 5 0 0 5 4 0 20 1 1
1 0 194 6 1 0 5 4 1 20 1 1
2 0 195 7 2 0 5 4 2 20 1 1
3 0 196 8 3 0 5 4 3 20 1 1
4 0 197 9 4 0 5 4 4 20 1 1
5 0 205 10 0 1 5 4 5 20 1 2
6 0 206 11 1 1 5 4 6 20 1 2
7 0 207 12 2 1 5 4 7 20 1 2
8 0 208 13 3 1 5 4 8 20 1 2
9 0 209 14 4 1 5 4 9 20 1 2
10 0 217 15 0 2 5 4 10 20 1 3
11 0 218 16 1 2 5 4 11 20 1 3
12 0 219 17 2 2 5 4 12 20 1 3
13 0 220 18 3 2 5 4 13 20 1 3
14 0 221 19 4 2 5 4 14 20 1 3
15 0 229 N 0 3 5 4 15 20 1 4
16 0 230 N 1 3 5 4 16 20 1 4
17 0 231 N 2 3 5 4 17 20 1 4
18 0 232 N 3 3 5 4 18 20 1 4
19 0 233 N 4 3 5 4 19 20 1 4
0 0 193 5 0 0 5 4 0 20 1 1
1 0 194 6 1 0 5 4 1 20 1 1
2 0 195 7 2 0 5 4 2 20 1 1
3 0 196 8 3 0 5 4 3 20 1 1
4 0 197 9 4 0 5 4 4 20 1 1
5 0 205 10 0 1 5 4 5 20 1 2
6 0 206 11 1 1 5 4 6 20 1 2
7 0 207 12 2 1 5 4 7 20 1 2
8 0 208 13 3 1 5 4 8 20 1 2
9 0 209 14 4 1 5 4 9 20 1 2
10 0 217 15 0 2 5 4 10 20 1 3
11 0 218 16 1 2 5 4 11 20 1 3
12 0 219 17 2 2 5 4 12 20 1 3
13 0 220 18 3 2 5 4 13 20 1 3
14 0 221 19 4 2 5 4 14 20 1 3
15 0 229 N 0 3 5 4 15 20 1 4
16 0 230 N 1 3 5 4 16 20 1 4
17 0 231 N 2 3 5 4 17 20 1 4
18 0 232 N 3 3 5 4 18 20 1 4
19 0 233 N 4 3 5 4 19 20 1 4
0 0 361 5 0 0 5 4 0 20 2 1
1 0 362 6 1 0 5 4 1 20 2 1
2 0 363 7 2 0 5 4 2 20 2 1
3 0 364 8 3 0 5 4 3 20 2 1
4 0 365 9 4 0 5 4 4 20 2 1
5 0 373 10 0 1 5 4 5 20 2 2
6 0 374 11 1 1 5 4 6 20 2 2
7 0 375 12 2 1 5 4 7 20 2 2
8 0 376 13 3 1 5 4 8 20 2 2
9 0 377 14 4 1 5 4 9 20 2 2
10 0 385 15 0 2 5 4 10 20 2 3
11 0 386 16 1 2 5 4 11 20 2 3
12 0 387 17 2 2 5 4 12 20 2 3
13 0 388 18 3 2 5 4 13 20 2 3
14 0 389 19 4 2 5 4 14 20 2 3
15 0 397 N 0 3 5 4 15 20 2 4
16 0 398 N 1 3 5 4 16 20 2 4
17 0 399 N 2 3 5 4 17 20 2 4
18 0 400 N 3 3 5 4 18 20 2 4
19 0 401 N 4 3 5 4 19 20 2 4
0 0 361 5 0 0 5 4 0 20 2 1
1 0 362 6 1 0 5 4 1 20 2 1
2 0 363 7 2 0 5 4 2 20 2 1
3 0 364 8 3 0 5 4 3 20 2 1
4 0 365 9 4 0 5 4 4 20 2 1
5 0 373 10 0 1 5 4 5 20 2 2
6 0 374 11 1 1 5 4 6 20 2 2
7 0 375 12 2 1 5 4 7 20 2 2
8 0 376 13 3 1 5 4 8 20 2 2
9 0 377 14 4 1 5 4 9 20 2 2
10 0 385 15 0 2 5 4 10 20 2 3
11 0 386 16 1 2 5 4 11 20 2 3
12 0 387 17 2 2 5 4 12 20 2 3
13 0 388 18 3 2 5 4 13 20 2 3
14 0 389 19 4 2 5 4 14 20 2 3
15 0 397 N 0 3 5 4 15 20 2 4
16 0 398 N 1 3 5 4 16 20 2 4
17 0 399 N 2 3 5 4 17 20 2 4
18 0 400 N 3 3 5 4 18 20 2 4
19 0 401 N 4 3 5 4 19 20 2 4
0 0 193 5 0 0 5 4 0 20 1 1
1 0 194 6 1 0 5 4 1 20 1 1
2 0 195 7 2 0 5 4 2 20 1 1
3 0 196 8 3 0 5 4 3 20 1 1
4 0 197 9 4 0 5 4 4 20 1 1
5 0 205 10 0 1 5 4 5 20 1 2
6 0 206 11 1 1 5 4 6 20 1 2
7 0 207 12 2 1 5 4 7 20 1 2
8 0 208 13 3 1 5 4 8 20 1 2
9 0 209 14 4 1 5 4 9 20 1 2
10 0 217 15 0 2 5 4 10 20 1 3
11 0 218 16 1 2 5 4 11 20 1 3
12 0 219 17 2 2 5 4 12 20 1 3
13 0 220 18 3 2 5 4 13 20 1 3
14 0 221 19 4 2 5 4 14 20 1 3
15 0 229 N 0 3 5 4 15 20 1 4
16 0 230 N 1 3 5 4 16 20 1 4
17 0 231 N 2 3 5 4 17 20 1 4
18 0 232 N 3 3 5 4 18 20 1 4
19 0 233 N 4 3 5 4 19 20 1 4
0 0 193 5 0 0 5 4 0 20 1 1
1 0 194 6 1 0 5 4 1 20 1 1
2 0 195 7 2 0 5 4 2 20 1 1
3 0 196 8 3 0 5 4 3 20 1 1
4 0 197 9 4 0 5 4 4 20 1 1
5 0 205 10 0 1 5 4 5 20 1 2
6 0 206 11 1 1 5 4 6 20 1 2
7 0 207 12 2 1 5 4 7 20 1 2
8 0 208 13 3 1 5 4 8 20 1 2
9 0 209 14 4 1 5 4 9 20 1 2
10 0 217 15 0 2 5 4 10 20 1 3
11 0 218 16 1 2 5 4 11 20 1 3
12 0 219 17 2 2 5 4 12 20 1 3
13 0 220 18 3 2 5 4 13 20 1 3
14 0 221 19 4 2 5 4 14 20 1 3
15 0 229 N 0 3 5 4 15 20 1 4
16 0 230 N 1 3 5 4 16 20 1 4
17 0 231 N 2 3 5 4 17 20 1 4
18 0 232 N 3 3 5 4 18 20 1 4
19 0 233 N 4 3 5 4 19 20 1 4
0 0 361 5 0 0 5 4 0 20 2 1
1 0 362 6 1 0 5 4 1 20 2 1
2 0 363 7 2 0 5 4 2 20 2 1
3 0 364 8 3 0 5 4 3 20 2 1
4 0 365 9 4 0 5 4 4 20 2 1
5 0 373 10 0 1 5 4 5 20 2 2
6 0 374 11 1 1 5 4 6 20 2 2
7 0 375 12 2 1 5 4 7 20 2 2
8 0 376 13 3 1 5 4 8 20 2 2
9 0 377 14 4 1 5 4 9 20 2 2
10 0 385 15 0 2 5 4 10 20 2 3
11 0 386 16 1 2 5 4 11 20 2 3
12 0 387 17 2 2 5 4 12 20 2 3
13 0 388 18 3 2 5 4 13 20 2 3
14 0 389 19 4 2 5 4 14 20 2 3
15 0 397 N 0 3 5 4 15 20 2 4
16 0 398 N 1 3 5 4 16 20 2 4
17 0 399 N 2 3 5 4 17 20 2 4
18 0 400 N 3 3 5 4 18 20 2 4
19 0 401 N 4 3 5 4 19 20 2 4
0 0 361 5 0 0 5 4 0 20 2 1
1 0 362 6 1 0 5 4 1 20 2 1
2 0 363 7 2 0 5 4 2 20 2 1
3 0 364 8 3 0 5 4 3 20 2 1
4 0 365 9 4 0 5 4 4 20 2 1
5 0 373 10 0 1 5 4 5 20 2 2
6 0 374 11 1 1 5 4 6 20 2 2
7 0 375 12 2 1 5 4 7 20 2 2
8 0 376 13 3 1 5 4 8 20 2 2
9 0 377 14 4 1 5 4 9 20 2 2
10 0 385 15 0 2 5 4 10 20 2 3
11 0 386 16 1 2 5 4 11 20 2 3
12 0 387 17 2 2 5 4 12 20 2 3
13 0 388 18 3 2 5 4 13 20 2 3
14 0 389 19 4 2 5 4 14 20 2 3
15 0 397 N 0 3 5 4 15 20 2 4
16 0 398 N 1 3 5 4 16 20 2 4
17 0 399 N 2 3 5 4 17 20 2 4
18 0 400 N 3 3 5 4 18 20 2 4
19 0 401 N 4 3 5 4 19 20 2 4
0 0 193 5 0 0 5 4 0 20 1 1
1 0 194 6 1 0 5 4 1 20 1 1
2 0 195 7 2 0 5 4 2 20 1 1
3 0 196 8 3 0 5 4 3 20 1 1
4 0 197 9 4 0 5 4 4 20 1 1
5 0 205 10 0 1 5 4 5 20 1 2
6 0 206 11 1 1 5 4 6 20 1 2
7 0 207 12 2 1 5 4 7 20 1 2
8 0 208 13 3 1 5 4 8 20 1 2
9 0 209 14 4 1 5 4 9 20 1 2
10 0 217 15 0 2 5 4 10 20 1 3
11 0 218 16 1 2 5 4 11 20 1 3
12 0 219 17 2 2 5 4 12 20 1 3
13 0 220 18 3 2 5 4 13 20 1 3
14 0 221 19 4 2 5 4 14 20 1 3
15 0 229 N 0 3 5 4 15 20 1 4
16 0 230 N 1 3 5 4 16 20 1 4
17 0 231 N 2 3 5 4 17 20 1 4
18 0 232 N 3 3 5 4 18 20 1 4
19 0 233 N 4 3 5 4 19 20 1 4
0 0 193 5 0 0 5 4 0 20 1 1
1 0 194 6 1 0 5 4 1 20 1 1
2 0 195 7 2 0 5 4 2 20 1 1
3 0 196 8 3 0 5 4 3 20 1 1
4 0 197 9 4 0 5 4 4 20 1 1
5 0 205 10 0 1 5 4 5 20 1 2
6 0 206 11 1 1 5 4 6 20 1 2
7 0 207 12 2 1 5 4 7 20 1 2
8 0 208 13 3 1 5 4 8 20 1 2
9 0 209 14 4 1 5 4 9 20 1 2
10 0 217 15 0 2 5 4 10 20 1 3
11 0 218 16 1 2 5 4 11 20 1 3
12 0 219 17 2 2 5 4 12 20 1 3
13 0 220 18 3 2 5 4 13 20 1 3
14 0 221 19 4 2 5 4 14 20 1 3
15 0 229 N 0 3 5 4 15 20 1 4
16 0 230 N 1 3 5 4 16 20 1 4
17 0 231 N 2 3 5 4 17 20 1 4
18 0 232 N 3 3 5 4 18 20 1 4
19 0 233 N 4 3 5 4 19 20 1 4
0 0 361 5 0 0 5 4 0 20 2 1
1 0 362 6 1 0 5 4 1 20 2 1
2 0 363 7 2 0 5 4 2 20 2 1
3 0 364 8 3 0 5 4 3 20 2 1
4 0 365 9 4 0 5 4 4 20 2 1
5 0 373 10 0 1 5 4 5 20 2 2
6 0 374 11 1 1 5 4 6 20 2 2
7 0 375 12 2 1 5 4 7 20 2 2
8 0 376 13 3 1 5 4 8 20 2 2
9 0 377 14 4 1 5 4 9 20 2 2
10 0 385 15 0 2 5 4 10 20 2 3
11 0 386 16 1 2 5 4 11 20 2 3
12 0 387 17 2 2 5 4 12 20 2 3
13 0 388 18 3 2 5 4 13 20 2 3
14 0 389 19 4 2 5 4 14 20 2 3
15 0 397 N 0 3 5 4 15 20 2 4
16 0 398 N 1 3 5 4 16 20 2 4
17 0 399 N 2 3 5 4 17 20 2 4
18 0 400 N 3 3 5 4 18 20 2 4
19 0 401 N 4 3 5 4 19 20 2 4
0 0 361 5 0 0 5 4 0 20 2 1
1 0 362 6 1 0 5 4 1 20 2 1
2 0 363 7 2 0 5 4 2 20 2 1
3 0 364 8 3 0 5 4 3 20 2 1
4 0 365 9 4 0 5 4 4 20 2 1
5 0 373 10 0 1 5 4 5 20 2 2
6 0 374 11 1 1 5 4 6 20 2 2
7 0 375 12 2 1 5 4 7 20 2 2
8 0 376 13 3 1 5 4 8 20 2 2
9 0 377 14 4 1 5 4 9 20 2 2
10 0 385 15 0 2 5 4 10 20 2 3
11 0 386 16 1 2 5 4 11 20 2 3
12 0 387 17 2 2 5 4 12 20 2 3
13 0 388 18 3 2 5 4 13 20 2 3
14 0 389 19 4 2 5 4 14 20 2 3
15 0 397 N 0 3 5 4 15 20 2 4
16 0 398 N 1 3 5 4 16 20 2 4
17 0 399 N 2 3 5 4 17 20 2 4
18 0 400 N 3 3 5 4 18 20 2 4
19 0 401 N 4 3 5 4 19 20 2 4
0 1 198 5 0 0 5 4 0 20 1 1
1 1 199 6 1 0 5 4 1 20 1 1
2 1 200 7 2 0 5 4 2 20 1 1
3 1 201 8 3 0 5 4 3 20 1 1
4 1 202 9 4 0 5 4 4 20 1 1
5 1 210 10 0 1 5 4 5 20 1 2
6 1 211 11 1 1 5 4 6 20 1 2
7 1 212 12 2 1 5 4 7 20 1 2
8 1 213 13 3 1 5 4 8 20 1 2
9 1 214 14 4 1 5 4 9 20 1 2
10 1 222 15 0 2 5 4 10 20 1 3
11 1 223 16 1 2 5 4 11 20 1 3
12 1 224 17 2 2 5 4 12 20 1 3
13 1 225 18 3 2 5 4 13 20 1 3
14 1 226 19 4 2 5 4 14 20 1 3
15 1 234 N 0 3 5 4 15 20 1 4
16 1 235 N 1 3 5 4 16 20 1 4
17 1 236 N 2 3 5 4 17 20 1 4
18 1 237 N 3 3 5 4 18 20 1 4
19 1 238 N 4 3 5 4 19 20 1 4
0 1 198 5 0 0 5 4 0 20 1 1
1 1 199 6 1 0 5 4 1 20 1 1
2 1 200 7 2 0 5 4 2 20 1 1
3 1 201 8 3 0 5 4 3 20 1 1
4 1 202 9 4 0 5 4 4 20 1 1
5 1 210 10 0 1 5 4 5 20 1 2
6 1 211 11 1 1 5 4 6 20 1 2
7 1 212 12 2 1 5 4 7 20 1 2
8 1 213 13 3 1 5 4 8 20 1 2
9 1 214 14 4 1 5 4 9 20 1 2
10 1 222 15 0 2 5 4 10 20 1 3
11 1 223 16 1 2 5 4 11 20 1 3
12 1 224 17 2 2 5 4 12 20 1 3
13 1 225 18 3 2 5 4 13 20 1 3
14 1 226 19 4 2 5 4 14 20 1 3
15 1 234 N 0 3 5 4 15 20 1 4
16 1 235 N 1 3 5 4 16 20 1 4
17 1 236 N 2 3 5 4 17 20 1 4
18 1 237 N 3 3 5 4 18 20 1 4
19 1 238 N 4 3 5 4 19 20 1 4
0 1 366 5 0 0 5 4 0 20 2 1
1 1 367 6 1 0 5 4 1 20 2 1
2 1 368 7 2 0 5 4 2 20 2 1
3 1 369 8 3 0 5 4 3 20 2 1
4 1 370 9 4 0 5 4 4 20 2 1
5 1 378 10 0 1 5 4 5 20 2 2
6 1 379 11 1 1 5 4 6 20 2 2
7 1 380 12 2 1 5 4 7 20 2 2
8 1 381 13 3 1 5 4 8 20 2 2
9 1 382 14 4 1 5 4 9 20 2 2
10 1 390 15 0 2 5 4 10 20 2 3
11 1 391 16 1 2 5 4 11 20 2 3
12 1 392 17 2 2 5 4 12 20 2 3
13 1 393 18 3 2 5 4 13 20 2 3
14 1 394 19 4 2 5 4 14 20 2 3
15 1 402 N 0 3 5 4 15 20 2 4
16 1 403 N 1 3 5 4 16 20 2 4
17 1 404 N 2 3 5 4 17 20 2 4
18 1 405 N 3 3 5 4 18 20 2 4
19 1 406 N 4 3 5 4 19 20 2 4
0 1 366 5 0 0 5 4 0 20 2 1
1 1 367 6 1 0 5 4 1 20 2 1
2 1 368 7 2 0 5 4 2 20 2 1
3 1 369 8 3 0 5 4 3 20 2 1
4 1 370 9 4 0 5 4 4 20 2 1
5 1 378 10 0 1 5 4 5 20 2 2
6 1 379 11 1 1 5 4 6 20 2 2
7 1 380 12 2 1 5 4 7 20 2 2
8 1 381 13 3 1 5 4 8 20 2 2
9 1 382 14 4 1 5 4 9 20 2 2
10 1 390 15 0 2 5 4 10 20 2 3
11 1 391 16 1 2 5 4 11 20 2 3
12 1 392 17 2 2 5 4 12 20 2 3
13 1 393 18 3 2 5 4 13 20 2 3
14 1 394 19 4 2 5 4 14 20 2 3
15 1 402 N 0 3 5 4 15 20 2 4
16 1 403 N 1 3 5 4 16 20 2 4
17 1 404 N 2 3 5 4 17 20 2 4
18 1 405 N 3 3 5 4 18 20 2 4
19 1 406 N 4 3 5 4 19 20 2 4
0 1 198 5 0 0 5 4 0 20 1 1
1 1 199 6 1 0 5 4 1 20 1 1
2 1 200 7 2 0 5 4 2 20 1 1
3 1 201 8 3 0 5 4 3 20 1 1
4 1 202 9 4 0 5 4 4 20 1 1
5 1 210 10 0 1 5 4 5 20 1 2
6 1 211 11 1 1 5 4 6 20 1 2
7 1 212 12 2 1 5 4 7 20 1 2
8 1 213 13 3 1 5 4 8 20 1 2
9 1 214 14 4 1 5 4 9 20 1 2
10 1 222 15 0 2 5 4 10 20 1 3
11 1 223 16 1 2 5 4 11 20 1 3
12 1 224 17 2 2 5 4 12 20 1 3
13 1 225 18 3 2 5 4 13 20 1 3
14 1 226 19 4 2 5 4 14 20 1 3
15 1 234 N 0 3 5 4 15 20 1 4
16 1 235 N 1 3 5 4 16 20 1 4
17 1 236 N 2 3 5 4 17 20 1 4
18 1 237 N 3 3 5 4 18 20 1 4
19 1 238 N 4 3 5 4 19 20 1 4
0 1 198 5 0 0 5 4 0 20 1 1
1 1 199 6 1 0 5 4 1 20 1 1
2 1 200 7 2 0 5 4 2 20 1 1
3 1 201 8 3 0 5 4 3 20 1 1
4 1 202 9 4 0 5 4 4 20 1 1
5 1 210 10 0 1 5 4 5 20 1 2
6 1 211 11 1 1 5 4 6 20 1 2
7 1 212 12 2 1 5 4 7 20 1 2
8 1 213 13 3 1 5 4 8 20 1 2
9 1 214 14 4 1 5 4 9 20 1 2
10 1 222 15 0 2 5 4 10 20 1 3
11 1 223 16 1 2 5 4 11 20 1 3
12 1 224 17 2 2 5 4 12 20 1 3
13 1 225 18 3 2 5 4 13 20 1 3
14 1 226 19 4 2 5 4 14 20 1 3
15 1 234 N 0 3 5 4 15 20 1 4
16 1 235 N 1 3 5 4 16 20 1 4
17 1 236 N 2 3 5 4 17 20 1 4
18 1 237 N 3 3 5 4 18 20 1 4
19 1 238 N 4 3 5 4 19 20 1 4
0 1 366 5 0 0 5 4 0 20 2 1
1 1 367 6 1 0 5 4 1 20 2 1
2 1 368 7 2 0 5 4 2 20 2 1
3 1 369 8 3 0 5 4 3 20 2 1
4 1 370 9 4 0 5 4 4 20 2 1
5 1 378 10 0 1 5 4 5 20 2 2
6 1 379 11 1 1 5 4 6 20 2 2
7 1 380 12 2 1 5 4 7 20 2 2
8 1 381 13 3 1 5 4 8 20 2 2
9 1 382 14 4 1 5 4 9 20 2 2
10 1 390 15 0 2 5 4 10 20 2 3
11 1 391 16 1 2 5 4 11 20 2 3
12 1 392 17 2 2 5 4 12 20 2 3
13 1 393 18 3 2 5 4 13 20 2 3
14 1 394 19 4 2 5 4 14 20 2 3
15 1 402 N 0 3 5 4 15 20 2 4
16 1 403 N 1 3 5 4 16 20 2 4
17 1 404 N 2 3 5 4 17 20 2 4
18 1 405 N 3 3 5 4 18 20 2 4
19 1 406 N 4 3 5 4 19 20 2 4
0 1 366 5 0 0 5 4 0 20 2 1
1 1 367 6 1 0 5 4 1 20 2 1
2 1 368 7 2 0 5 4 2 20 2 1
3 1 369 8 3 0 5 4 3 20 2 1
4 1 370 9 4 0 5 4 4 20 2 1
5 1 378 10 0 1 5 4 5 20 2 2
6 1 379 11 1 1 5 4 6 20 2 2
7 1 380 12 2 1 5 4 7 20 2 2
8 1 381 13 3 1 5 4 8 20 2 2
9 1 382 14 4 1 5 4 9 20 2 2
10 1 390 15 0 2 5 4 10 20 2 3
11 1 391 16 1 2 5 4 11 20 2 3
12 1 392 17 2 2 5 4 12 20 2 3
13 1 393 18 3 2 5 4 13 20 2 3
14 1 394 19 4 2 5 4 14 20 2 3
15 1 402 N 0 3 5 4 15 20 2 4
16 1 403 N 1 3 5 4 16 20 2 4
17 1 404 N 2 3 5 4 17 20 2 4
18 1 405 N 3 3 5 4 18 20 2 4
19 1 406 N 4 3 5 4 19 20 2 4
0 1 198 5 0 0 5 4 0 20 1 1
1 1 199 6 1 0 5 4 1 20 1 1
2 1 200 7 2 0 5 4 2 20 1 1
3 1 201 8 3 0 5 4 3 20 1 1
4 1 202 9 4 0 5 4 4 20 1 1
5 1 210 10 0 1 5 4 5 20 1 2
6 1 211 11 1 1 5 4 6 20 1 2
7 1 212 12 2 1 5 4 7 20 1 2
8 1 213 13 3 1 5 4 8 20 1 2
9 1 214 14 4 1 5 4 9 20 1 2
10 1 222 15 0 2 5 4 10 20 1 3
11 1 223 16 1 2 5 4 11 20 1 3
12 1 224 17 2 2 5 4 12 20 1 3
13 1 225 18 3 2 5 4 13 20 1 3
14 1 226 19 4 2 5 4 14 20 1 3
15 1 234 N 0 3 5 4 15 20 1 4
16 1 235 N 1 3 5 4 16 20 1 4
17 1 236 N 2 3 5 4 17 20 1 4
18 1 237 N 3 3 5 4 18 20 1 4
19 1 238 N 4 3 5 4 19 20 1 4
0 1 198 5 0 0 5 4 0 20 1 1
1 1 199 6 1 0 5 4 1 20 1 1
2 1 200 7 2 0 5 4 2 20 1 1
3 1 201 8 3 0 5 4 3 20 1 1
4 1 202 9 4 0 5 4 4 20 1 1
5 1 210 10 0 1 5 4 5 20 1 2
6 1 211 11 1 1 5 4 6 20 1 2
7 1 212 12 2 1 5 4 7 20 1 2
8 1 213 13 3 1 5 4 8 20 1 2
9 1 214 14 4 1 5 4 9 20 1 2
10 1 222 15 0 2 5 4 10 20 1 3
11 1 223 16 1 2 5 4 11 20 1 3
12 1 224 17 2 2 5 4 12 20 1 3
13 1 225 18 3 2 5 4 13 20 1 3
14 1 226 19 4 2 5 4 14 20 1 3
15 1 234 N 0 3 5 4 15 20 1 4
16 1 235 N 1 3 5 4 16 20 1 4
17 1 236 N 2 3 5 4 17 20 1 4
18 1 237 N 3 3 5 4 18 20 1 4
19 1 238 N 4 3 5 4 19 20 1 4
0 1 366 5 0 0 5 4 0 20 2 1
1 1 367 6 1 0 5 4 1 20 2 1
2 1 368 7 2 0 5 4 2 20 2 1
3 1 369 8 3 0 5 4 3 20 2 1
4 1 370 9 4 0 5 4 4 20 2 1
5 1 378 10 0 1 5 4 5 20 2 2
6 1 379 11 1 1 5 4 6 20 2 2
7 1 380 12 2 1 5 4 7 20 2 2
8 1 381 13 3 1 5 4 8 20 2 2
9 1 382 14 4 1 5 4 9 20 2 2
10 1 390 15 0 2 5 4 10 20 2 3
11 1 391 16 1 2 5 4 11 20 2 3
12 1 392 17 2 2 5 4 12 20 2 3
13 1 393 18 3 2 5 4 13 20 2 3
14 1 394 19 4 2 5 4 14 20 2 3
15 1 402 N 0 3 5 4 15 20 2 4
16 1 403 N 1 3 5 4 16 20 2 4
17 1 404 N 2 3 5 4 17 20 2 4
18 1 405 N 3 3 5 4 18 20 2 4
19 1 406 N 4 3 5 4 19 20 2 4
0 1 366 5 0 0 5 4 0 20 2 1
1 1 367 6 1 0 5 4 1 20 2 1
2 1 368 7 2 0 5 4 2 20 2 1
3 1 369 8 3 0 5 4 3 20 2 1
4 1 370 9 4 0 5 4 4 20 2 1
5 1 378 10 0 1 5 4 5 20 2 2
6 1 379 11 1 1 5 4 6 20 2 2
7 1 380 12 2 1 5 4 7 20 2 2
8 1 381 13 3 1 5 4 8 20 2 2
9 1 382 14 4 1 5 4 9 20 2 2
10 1 390 15 0 2 5 4 10 20 2 3
11 1 391 16 1 2 5 4 11 20 2 3
12 1 392 17 2 2 5 4 12 20 2 3
13 1 393 18 3 2 5 4 13 20 2 3
14 1 394 19 4 2 5 4 14 20 2 3
15 1 402 N 0 3 5 4 15 20 2 4
16 1 403 N 1 3 5 4 16 20 2 4
17 1 404 N 2 3 5 4 17 20 2 4
18 1 405 N 3 3 5 4 18 20 2 4
19 1 406 N 4 3 5 4 19 20 2 4
0 2 241 5 0 0 5 4 0 20 1 5
1 2 242 6 1 0 5 4 1 20 1 5
2 2 243 7 2 0 5 4 2 20 1 5
3 2 244 8 3 0 5 4 3 20 1 5
4 2 245 9 4 0 5 4 4 20 1 5
5 2 253 10 0 1 5 4 5 20 1 6
6 2 254 11 1 1 5 4 6 20 1 6
7 2 255 12 2 1 5 4 7 20 1 6
8 2 256 13 3 1 5 4 8 20 1 6
9 2 257 14 4 1 5 4 9 20 1 6
10 2 265 15 0 2 5 4 10 20 1 7
11 2 266 16 1 2 5 4 11 20 1 7
12 2 267 17 2 2 5 4 12 20 1 7
13 2 268 18 3 2 5 4 13 20 1 7
14 2 269 19 4 2 5 4 14 20 1 7
15 2 277 N 0 3 5 4 15 20 1 8
16 2 278 N 1 3 5 4 16 20 1 8
17 2 279 N 2 3 5 4 17 20 1 8
18 2 280 N 3 3 5 4 18 20 1 8
19 2 281 N 4 3 5 4 19 20 1 8
0 2 241 5 0 0 5 4 0 20 1 5
1 2 242 6 1 0 5 4 1 20 1 5
2 2 243 7 2 0 5 4 2 20 1 5
3 2 244 8 3 0 5 4 3 20 1 5
4 2 245 9 4 0 5 4 4 20 1 5
5 2 253 10 0 1 5 4 5 20 1 6
6 2 254 11 1 1 5 4 6 20 1 6
7 2 255 12 2 1 5 4 7 20 1 6
8 2 256 13 3 1 5 4 8 20 1 6
9 2 257 14 4 1 5 4 9 20 1 6
10 2 265 15 0 2 5 4 10 20 1 7
11 2 266 16 1 2 5 4 11 20 1 7
12 2 267 17 2 2 5 4 12 20 1 7
13 2 268 18 3 2 5 4 13 20 1 7
14 2 269 19 4 2 5 4 14 20 1 7
15 2 277 N 0 3 5 4 15 20 1 8
16 2 278 N 1 3 5 4 16 20 1 8
17 2 279 N 2 3 5 4 17 20 1 8
18 2 280 N 3 3 5 4 18 20 1 8
19 2 281 N 4 3 5 4 19 20 1 8
0 2 409 5 0 0 5 4 0 20 2 5
1 2 410 6 1 0 5 4 1 20 2 5
2 2 411 7 2 0 5 4 2 20 2 5
3 2 412 8 3 0 5 4 3 20 2 5
4 2 413 9 4 0 5 4 4 20 2 5
5 2 421 10 0 1 5 4 5 20 2 6
6 2 422 11 1 1 5 4 6 20 2 6
7 2 423 12 2 1 5 4 7 20 2 6
8 2 424 13 3 1 5 4 8 20 2 6
9 2 425 14 4 1 5 4 9 20 2 6
10 2 433 15 0 2 5 4 10 20 2 7
11 2 434 16 1 2 5 4 11 20 2 7
12 2 435 17 2 2 5 4 12 20 2 7
13 2 436 18 3 2 5 4 13 20 2 7
14 2 437 19 4 2 5 4 14 20 2 7
15 2 445 N 0 3 5 4 15 20 2 8
16 2 446 N 1 3 5 4 16 20 2 8
17 2 447 N 2 3 5 4 17 20 2 8
18 2 448 N 3 3 5 4 18 20 2 8
19 2 449 N 4 3 5 4 19 20 2 8
0 2 409 5 0 0 5 4 0 20 2 5
1 2 410 6 1 0 5 4 1 20 2 5
2 2 411 7 2 0 5 4 2 20 2 5
3 2 412 8 3 0 5 4 3 20 2 5
4 2 413 9 4 0 5 4 4 20 2 5
5 2 421 10 0 1 5 4 5 20 2 6
6 2 422 11 1 1 5 4 6 20 2 6
7 2 423 12 2 1 5 4 7 20 2 6
8 2 424 13 3 1 5 4 8 20 2 6
9 2 425 14 4 1 5 4 9 20 2 6
10 2 433 15 0 2 5 4 10 20 2 7
11 2 434 16 1 2 5 4 11 20 2 7
12 2 435 17 2 2 5 4 12 20 2 7
13 2 436 18 3 2 5 4 13 20 2 7
14 2 437 19 4 2 5 4 14 20 2 7
15 2 445 N 0 3 5 4 15 20 2 8
16 2 446 N 1 3 5 4 16 20 2 8
17 2 447 N 2 3 5 4 17 20 2 8
18 2 448 N 3 3 5 4 18 20 2 8
19 2 449 N 4 3 5 4 19 20 2 8
0 2 241 5 0 0 5 4 0 20 1 5
1 2 242 6 1 0 5 4 1 20 1 5
2 2 243 7 2 0 5 4 2 20 1 5
3 2 244 8 3 0 5 4 3 20 1 5
4 2 245 9 4 0 5 4 4 20 1 5
5 2 253 10 0 1 5 4 5 20 1 6
6 2 254 11 1 1 5 4 6 20 1 6
7 2 255 12 2 1 5 4 7 20 1 6
8 2 256 13 3 1 5 4 8 20 1 6
9 2 257 14 4 1 5 4 9 20 1 6
10 2 265 15 0 2 5 4 10 20 1 7
11 2 266 16 1 2 5 4 11 20 1 7
12 2 267 17 2 2 5 4 12 20 1 7
13 2 268 18 3 2 5 4 13 20 1 7
14 2 269 19 4 2 5 4 14 20 1 7
15 2 277 N 0 3 5 4 15 20 1 8
16 2 278 N 1 3 5 4 16 20 1 8
17 2 279 N 2 3 5 4 17 20 1 8
18 2 280 N 3 3 5 4 18 20 1 8
19 2 281 N 4 3 5 4 19 20 1 8
0 2 241 5 0 0 5 4 0 20 1 5
1 2 242 6 1 0 5 4 1 20 1 5
2 2 243 7 2 0 5 4 2 20 1 5
3 2 244 8 3 0 5 4 3 20 1 5
4 2 245 9 4 0 5 4 4 20 1 5
5 2 253 10 0 1 5 4 5 20 1 6
6 2 254 11 1 1 5 4 6 20 1 6
7 2 255 12 2 1 5 4 7 20 1 6
8 2 256 13 3 1 5 4 8 20 1 6
9 2 257 14 4 1 5 4 9 20 1 6
10 2 265 15 0 2 5 4 10 20 1 7
11 2 266 16 1 2 5 4 11 20 1 7
12 2 267 17 2 2 5 4 12 20 1 7
13 2 268 18 3 2 5 4 13 20 1 7
14 2 269 19 4 2 5 4 14 20 1 7
15 2 277 N 0 3 5 4 15 20 1 8
16 2 278 N 1 3 5 4 16 20 1 8
17 2 279 N 2 3 5 4 17 20 1 8
18 2 280 N 3 3 5 4 18 20 1 8
19 2 281 N 4 3 5 4 19 20 1 8
0 2 409 5 0 0 5 4 0 20 2 5
1 2 410 6 1 0 5 4 1 20 2 5
2 2 411 7 2 0 5 4 2 20 2 5
3 2 412 8 3 0 5 4 3 20 2 5
4 2 413 9 4 0 5 4 4 20 2 5
5 2 421 10 0 1 5 4 5 20 2 6
6 2 422 11 1 1 5 4 6 20 2 6
7 2 423 12 2 1 5 4 7 20 2 6
8 2 424 13 3 1 5 4 8 20 2 6
9 2 425 14 4 1 5 4 9 20 2 6
10 2 433 15 0 2 5 4 10 20 2 7
11 2 434 16 1 2 5 4 11 20 2 7
12 2 435 17 2 2 5 4 12 20 2 7
13 2 436 18 3 2 5 4 13 20 2 7
14 2 437 19 4 2 5 4 14 20 2 7
15 2 445 N 0 3 5 4 15 20 2 8
16 2 446 N 1 3 5 4 16 20 2 8
17 2 447 N 2 3 5 4 17 20 2 8
18 2 448 N 3 3 5 4 18 20 2 8
19 2 449 N 4 3 5 4 19 20 2 8
0 2 409 5 0 0 5 4 0 20 2 5
1 2 410 6 1 0 5 4 1 20 2 5
2 2 411 7 2 0 5 4 2 20 2 5
3 2 412 8 3 0 5 4 3 20 2 5
4 2 413 9 4 0 5 4 4 20 2 5
5 2 421 10 0 1 5 4 5 20 2 6
6 2 422 11 1 1 5 4 6 20 2 6
7 2 423 12 2 1 5 4 7 20 2 6
8 2 424 13 3 1 5 4 8 20 2 6
9 2 425 14 4 1 5 4 9 20 2 6
10 2 433 15 0 2 5 4 10 20 2 7
11 2 434 16 1 2 5 4 11 20 2 7
12 2 435 17 2 2 5 4 12 20 2 7
13 2 436 18 3 2 5 4 13 20 2 7
14 2 437 19 4 2 5 4 14 20 2 7
15 2 445 N 0 3 5 4 15 20 2 8
16 2 446 N 1 3 5 4 16 20 2 8
17 2 447 N 2 3 5 4 17 20 2 8
18 2 448 N 3 3 5 4 18 20 2 8
19 2 449 N 4 3 5 4 19 20 2 8
0 2 241 5 0 0 5 4 0 20 1 5
1 2 242 6 1 0 5 4 1 20 1 5
2 2 243 7 2 0 5 4 2 20 1 5
3 2 244 8 3 0 5 4 3 20 1 5
4 2 245 9 4 0 5 4 4 20 1 5
5 2 253 10 0 1 5 4 5 20 1 6
6 2 254 11 1 1 5 4 6 20 1 6
7 2 255 12 2 1 5 4 7 20 1 6
8 2 256 13 3 1 5 4 8 20 1 6
9 2 257 14 4 1 5 4 9 20 1 6
10 2 265 15 0 2 5 4 10 20 1 7
11 2 266 16 1 2 5 4 11 20 1 7
12 2 267 17 2 2 5 4 12 20 1 7
13 2 268 18 3 2 5 4 13 20 1 7
14 2 269 19 4 2 5 4 14 20 1 7
15 2 277 N 0 3 5 4 15 20 1 8
16 2 278 N 1 3 5 4 16 20 1 8
17 2 279 N 2 3 5 4 17 20 1 8
18 2 280 N 3 3 5 4 18 20 1 8
19 2 281 N 4 3 5 4 19 20 1 8
0 2 241 5 0 0 5 4 0 20 1 5
1 2 242 6 1 0 5 4 1 20 1 5
2 2 243 7 2 0 5 4 2 20 1 5
3 2 244 8 3 0 5 4 3 20 1 5
4 2 245 9 4 0 5 4 4 20 1 5
5 2 253 10 0 1 5 4 5 20 1 6
6 2 254 11 1 1 5 4 6 20 1 6
7 2 255 12 2 1 5 4 7 20 1 6
8 2 256 13 3 1 5 4 8 20 1 6
9 2 257 14 4 1 5 4 9 20 1 6
10 2 265 15 0 2 5 4 10 20 1 7
11 2 266 16 1 2 5 4 11 20 1 7
12 2 267 17 2 2 5 4 12 20 1 7
13 2 268 18 3 2 5 4 13 20 1 7
14 2 269 19 4 2 5 4 14 20 1 7
15 2 277 N 0 3 5 4 15 20 1 8
16 2 278 N 1 3 5 4 16 20 1 8
17 2 279 N 2 3 5 4 17 20 1 8
18 2 280 N 3 3 5 4 18 20 1 8
19 2 281 N 4 3 5 4 19 20 1 8
0 2 409 5 0 0 5 4 0 20 2 5
1 2 410 6 1 0 5 4 1 20 2 5
2 2 411 7 2 0 5 4 2 20 2 5
3 2 412 8 3 0 5 4 3 20 2 5
4 2 413 9 4 0 5 4 4 20 2 5
5 2 421 10 0 1 5 4 5 20 2 6
6 2 422 11 1 1 5 4 6 20 2 6
7 2 423 12 2 1 5 4 7 20 2 6
8 2 424 13 3 1 5 4 8 20 2 6
9 2 425 14 4 1 5 4 9 20 2 6
10 2 433 15 0 2 5 4 10 20 2 7
11 2 434 16 1 2 5 4 11 20 2 7
12 2 435 17 2 2 5 4 12 20 2 7
13 2 436 18 3 2 5 4 13 20 2 7
14 2 437 19 4 2 5 4 14 20 2 7
15 2 445 N 0 3 5 4 15 20 2 8
16 2 446 N 1 3 5 4 16 20 2 8
17 2 447 N 2 3 5 4 17 20 2 8
18 2 448 N 3 3 5 4 18 20 2 8
19 2 449 N 4 3 5 4 19 20 2 8
0 2 409 5 0 0 5 4 0 20 2 5
1 2 410 6 1 0 5 4 1 20 2 5
2 2 411 7 2 0 5 4 2 20 2 5
3 2 412 8 3 0 5 4 3 20 2 5
4 2 413 9 4 0 5 4 4 20 2 5
5 2 421 10 0 1 5 4 5 20 2 6
6 2 422 11 1 1 5 4 6 20 2 6
7 2 423 12 2 1 5 4 7 20 2 6
8 2 424 13 3 1 5 4 8 20 2 6
9 2 425 14 4 1 5 4 9 20 2 6
10 2 433 15 0 2 5 4 10 20 2 7
11 2 434 16 1 2 5 4 11 20 2 7
12 2 435 17 2 2 5 4 12 20 2 7
13 2 436 18 3 2 5 4 13 20 2 7
14 2 437 19 4 2 5 4 14 20 2 7
15 2 445 N 0 3 5 4 15 20 2 8
16 2 446 N 1 3 5 4 16 20 2 8
17 2 447 N 2 3 5 4 17 20 2 8
18 2 448 N 3 3 5 4 18 20 2 8
19 2 449 N 4 3 5 4 19 20 2 8
0 3 246 5 0 0 5 4 0 20 1 5
1 3 247 6 1 0 5 4 1 20 1 5
2 3 248 7 2 0 5 4 2 20 1 5
3 3 249 8 3 0 5 4 3 20 1 5
4 3 250 9 4 0 5 4 4 20 1 5
5 3 258 10 0 1 5 4 5 20 1 6
6 3 259 11 1 1 5 4 6 20 1 6
7 3 260 12 2 1 5 4 7 20 1 6
8 3 261 13 3 1 5 4 8 20 1 6
9 3 262 14 4 1 5 4 9 20 1 6
10 3 270 15 0 2 5 4 10 20 1 7
11 3 271 16 1 2 5 4 11 20 1 7
12 3 272 17 2 2 5 4 12 20 1 7
13 3 273 18 3 2 5 4 13 20 1 7
14 3 274 19 4 2 5 4 14 20 1 7
15 3 282 N 0 3 5 4 15 20 1 8
16 3 283 N 1 3 5 4 16 20 1 8
17 3 284 N 2 3 5 4 17 20 1 8
18 3 285 N 3 3 5 4 18 20 1 8
19 3 286 N 4 3 5 4 19 20 1 8
0 3 246 5 0 0 5 4 0 20 1 5
1 3 247 6 1 0 5 4 1 20 1 5
2 3 248 7 2 0 5 4 2 20 1 5
3 3 249 8 3 0 5 4 3 20 1 5
4 3 250 9 4 0 5 4 4 20 1 5
5 3 258 10 0 1 5 4 5 20 1 6
6 3 259 11 1 1 5 4 6 20 1 6
7 3 260 12 2 1 5 4 7 20 1 6
8 3 261 13 3 1 5 4 8 20 1 6
9 3 262 14 4 1 5 4 9 20 1 6
10 3 270 15 0 2 5 4 10 20 1 7
11 3 271 16 1 2 5 4 11 20 1 7
12 3 272 17 2 2 5 4 12 20 1 7
13 3 273 18 3 2 5 4 13 20 1 7
14 3 274 19 4 2 5 4 14 20 1 7
15 3 282 N 0 3 5 4 15 20 1 8
16 3 283 N 1 3 5 4 16 20 1 8
17 3 284 N 2 3 5 4 17 20 1 8
18 3 285 N 3 3 5 4 18 20 1 8
19 3 286 N 4 3 5 4 19 20 1 8
0 3 414 5 0 0 5 4 0 20 2 5
1 3 415 6 1 0 5 4 1 20 2 5
2 3 416 7 2 0 5 4 2 20 2 5
3 3 417 8 3 0 5 4 3 20 2 5
4 3 418 9 4 0 5 4 4 20 2 5
5 3 426 10 0 1 5 4 5 20 2 6
6 3 427 11 1 1 5 4 6 20 2 6
7 3 428 12 2 1 5 4 7 20 2 6
8 3 429 13 3 1 5 4 8 20 2 6
9 3 430 14 4 1 5 4 9 20 2 6
10 3 438 15 0 2 5 4 10 20 2 7
11 3 439 16 1 2 5 4 11 20 2 7
12 3 440 17 2 2 5 4 12 20 2 7
13 3 441 18 3 2 5 4 13 20 2 7
14 3 442 19 4 2 5 4 14 20 2 7
15 3 450 N 0 3 5 4 15 20 2 8
16 3 451 N 1 3 5 4 16 20 2 8
17 3 452 N 2 3 5 4 17 20 2 8
18 3 453 N 3 3 5 4 18 20 2 8
19 3 454 N 4 3 5 4 19 20 2 8
0 3 414 5 0 0 5 4 0 20 2 5
1 3 415 6 1 0 5 4 1 20 2 5
2 3 416 7 2 0 5 4 2 20 2 5
3 3 417 8 3 0 5 4 3 20 2 5
4 3 418 9 4 0 5 4 4 20 2 5
5 3 426 10 0 1 5 4 5 20 2 6
6 3 427 11 1 1 5 4 6 20 2 6
7 3 428 12 2 1 5 4 7 20 2 6
8 3 429 13 3 1 5 4 8 20 2 6
9 3 430 14 4 1 5 4 9 20 2 6
10 3 438 15 0 2 5 4 10 20 2 7
11 3 439 16 1 2 5 4 11 20 2 7
12 3 440 17 2 2 5 4 12 20 2 7
13 3 441 18 3 2 5 4 13 20 2 7
14 3 442 19 4 2 5 4 14 20 2 7
15 3 450 N 0 3 5 4 15 20 2 8
16 3 451 N 1 3 5 4 16 20 2 8
17 3 452 N 2 3 5 4 17 20 2 8
18 3 453 N 3 3 5 4 18 20 2 8
19 3 454 N 4 3 5 4 19 20 2 8
0 3 246 5 0 0 5 4 0 20 1 5
1 3 247 6 1 0 5 4 1 20 1 5
2 3 248 7 2 0 5 4 2 20 1 5
3 3 249 8 3 0 5 4 3 20 1 5
4 3 250 9 4 0 5 4 4 20 1 5
5 3 258 10 0 1 5 4 5 20 1 6
6 3 259 11 1 1 5 4 6 20 1 6
7 3 260 12 2 1 5 4 7 20 1 6
8 3 261 13 3 1 5 4 8 20 1 6
9 3 262 14 4 1 5 4 9 20 1 6
10 3 270 15 0 2 5 4 10 20 1 7
11 3 271 16 1 2 5 4 11 20 1 7
12 3 272 17 2 2 5 4 12 20 1 7
13 3 273 18 3 2 5 4 13 20 1 7
14 3 274 19 4 2 5 4 14 20 1 7
15 3 282 N 0 3 5 4 15 20 1 8
16 3 283 N 1 3 5 4 16 20 1 8
17 3 284 N 2 3 5 4 17 20 1 8
18 3 285 N 3 3 5 4 18 20 1 8
19 3 286 N 4 3 5 4 19 20 1 8
0 3 246 5 0 0 5 4 0 20 1 5
1 3 247 6 1 0 5 4 1 20 1 5
2 3 248 7 2 0 5 4 2 20 1 5
3 3 249 8 3 0 5 4 3 20 1 5
4 3 250 9 4 0 5 4 4 20 1 5
5 3 258 10 0 1 5 4 5 20 1 6
6 3 259 11 1 1 5 4 6 20 1 6
7 3 260 12 2 1 5 4 7 20 1 6
8 3 261 13 3 1 5 4 8 20 1 6
9 3 262 14 4 1 5 4 9 20 1 6
10 3 270 15 0 2 5 4 10 20 1 7
11 3 271 16 1 2 5 4 11 20 1 7
12 3 272 17 2 2 5 4 12 20 1 7
13 3 273 18 3 2 5 4 13 20 1 7
14 3 274 19 4 2 5 4 14 20 1 7
15 3 282 N 0 3 5 4 15 20 1 8
16 3 283 N 1 3 5 4 16 20 1 8
17 3 284 N 2 3 5 4 17 20 1 8
18 3 285 N 3 3 5 4 18 20 1 8
19 3 286 N 4 3 5 4 19 20 1 8
0 3 414 5 0 0 5 4 0 20 2 5
1 3 415 6 1 0 5 4 1 20 2 5
2 3 416 7 2 0 5 4 2 20 2 5
3 3 417 8 3 0 5 4 3 20 2 5
4 3 418 9 4 0 5 4 4 20 2 5
5 3 426 10 0 1 5 4 5 20 2 6
6 3 427 11 1 1 5 4 6 20 2 6
7 3 428 12 2 1 5 4 7 20 2 6
8 3 429 13 3 1 5 4 8 20 2 6
9 3 430 14 4 1 5 4 9 20 2 6
10 3 438 15 0 2 5 4 10 20 2 7
11 3 439 16 1 2 5 4 11 20 2 7
12 3 440 17 2 2 5 4 12 20 2 7
13 3 441 18 3 2 5 4 13 20 2 7
14 3 442 19 4 2 5 4 14 20 2 7
15 3 450 N 0 3 5 4 15 20 2 8
16 3 451 N 1 3 5 4 16 20 2 8
17 3 452 N 2 3 5 4 17 20 2 8
18 3 453 N 3 3 5 4 18 20 2 8
19 3 454 N 4 3 5 4 19 20 2 8
0 3 414 5 0 0 5 4 0 20 2 5
1 3 415 6 1 0 5 4 1 20 2 5
2 3 416 7 2 0 5 4 2 20 2 5
3 3 417 8 3 0 5 4 3 20 2 5
4 3 418 9 4 0 5 4 4 20 2 5
5 3 426 10 0 1 5 4 5 20 2 6
6 3 427 11 1 1 5 4 6 20 2 6
7 3 428 12 2 1 5 4 7 20 2 6
8 3 429 13 3 1 5 4 8 20 2 6
9 3 430 14 4 1 5 4 9 20 2 6
10 3 438 15 0 2 5 4 10 20 2 7
11 3 439 16 1 2 5 4 11 20 2 7
12 3 440 17 2 2 5 4 12 20 2 7
13 3 441 18 3 2 5 4 13 20 2 7
14 3 442 19 4 2 5 4 14 20 2 7
15 3 450 N 0 3 5 4 15 20 2 8
16 3 451 N 1 3 5 4 16 20 2 8
17 3 452 N 2 3 5 4 17 20 2 8
18 3 453 N 3 3 5 4 18 20 2 8
19 3 454 N 4 3 5 4 19 20 2 8
0 3 246 5 0 0 5 4 0 20 1 5
1 3 247 6 1 0 5 4 1 20 1 5
2 3 248 7 2 0 5 4 2 20 1 5
3 3 249 8 3 0 5 4 3 20 1 5
4 3 250 9 4 0 5 4 4 20 1 5
5 3 258 10 0 1 5 4 5 20 1 6
6 3 259 11 1 1 5 4 6 20 1 6
7 3 260 12 2 1 5 4 7 20 1 6
8 3 261 13 3 1 5 4 8 20 1 6
9 3 262 14 4 1 5 4 9 20 1 6
10 3 270 15 0 2 5 4 10 20 1 7
11 3 271 16 1 2 5 4 11 20 1 7
12 3 272 17 2 2 5 4 12 20 1 7
13 3 273 18 3 2 5 4 13 20 1 7
14 3 274 19 4 2 5 4 14 20 1 7
15 3 282 N 0 3 5 4 15 20 1 8
16 3 283 N 1 3 5 4 16 20 1 8
17 3 284 N 2 3 5 4 17 20 1 8
18 3 285 N 3 3 5 4 18 20 1 8
19 3 286 N 4 3 5 4 19 20 1 8
0 3 246 5 0 0 5 4 0 20 1 5
1 3 247 6 1 0 5 4 1 20 1 5
2 3 248 7 2 0 5 4 2 20 1 5
3 3 249 8 3 0 5 4 3 20 1 5
4 3 250 9 4 0 5 4 4 20 1 5
5 3 258 10 0 1 5 4 5 20 1 6
6 3 259 11 1 1 5 4 6 20 1 6
7 3 260 12 2 1 5 4 7 20 1 6
8 3 261 13 3 1 5 4 8 20 1 6
9 3 262 14 4 1 5 4 9 20 1 6
10 3 270 15 0 2 5 4 10 20 1 7
11 3 271 16 1 2 5 4 11 20 1 7
12 3 272 17 2 2 5 4 12 20 1 7
13 3 273 18 3 2 5 4 13 20 1 7
14 3 274 19 4 2 5 4 14 20 1 7
15 3 282 N 0 3 5 4 15 20 1 8
16 3 283 N 1 3 5 4 16 20 1 8
17 3 284 N 2 3 5 4 17 20 1 8
18 3 285 N 3 3 5 4 18 20 1 8
19 3 286 N 4 3 5 4 19 20 1 8
0 3 414 5 0 0 5 4 0 20 2 5
1 3 415 6 1 0 5 4 1 20 2 5
2 3 416 7 2 0 5 4 2 20 2 5
3 3 417 8 3 0 5 4 3 20 2 5
4 3 418 9 4 0 5 4 4 20 2 5
5 3 426 10 0 1 5 4 5 20 2 6
6 3 427 11 1 1 5 4 6 20 2 6
7 3 428 12 2 1 5 4 7 20 2 6
8 3 429 13 3 1 5 4 8 20 2 6
9 3 430 14 4 1 5 4 9 20 2 6
10 3 438 15 0 2 5 4 10 20 2 7
11 3 439 16 1 2 5 4 11 20 2 7
12 3 440 17 2 2 5 4 12 20 2 7
13 3 441 18 3 2 5 4 13 20 2 7
14 3 442 19 4 2 5 4 14 20 2 7
15 3 450 N 0 3 5 4 15 20 2 8
16 3 451 N 1 3 5 4 16 20 2 8
17 3 452 N 2 3 5 4 17 20 2 8
18 3 453 N 3 3 5 4 18 20 2 8
19 3 454 N 4 3 5 4 19 20 2 8
0 3 414 5 0 0 5 4 0 20 2 5
1 3 415 6 1 0 5 4 1 20 2 5
2 3 416 7 2 0 5 4 2 20 2 5
3 3 417 8 3 0 5 4 3 20 2 5
4 3 418 9 4 0 5 4 4 20 2 5
5 3 426 10 0 1 5 4 5 20 2 6
6 3 427 11 1 1 5 4 6 20 2 6
7 3 428 12 2 1 5 4 7 20 2 6
8 3 429 13 3 1 5 4 8 20 2 6
9 3 430 14 4 1 5 4 9 20 2 6
10 3 438 15 0 2 5 4 10 20 2 7
11 3 439 16 1 2 5 4 11 20 2 7
12 3 440 17 2 2 5 4 12 20 2 7
13 3 441 18 3 2 5 4 13 20 2 7
14 3 442 19 4 2 5 4 14 20 2 7
15 3 450 N 0 3 5 4 15 20 2 8
16 3 451 N 1 3 5 4 16 20 2 8
17 3 452 N 2 3 5 4 17 20 2 8
18 3 453 N 3 3 5 4 18 20 2 8
19 3 454 N 4 3 5 4 19 20 2 8
0 4 289 5 0 0 5 4 0 20 1 9
1 4 290 6 1 0 5 4 1 20 1 9
2 4 291 7 2 0 5 4 2 20 1 9
3 4 292 8 3 0 5 4 3 20 1 9
4 4 293 9 4 0 5 4 4 20 1 9
5 4 301 10 0 1 5 4 5 20 1 10
6 4 302 11 1 1 5 4 6 20 1 10
7 4 303 12 2 1 5 4 7 20 1 10
8 4 304 13 3 1 5 4 8 20 1 10
9 4 305 14 4 1 5 4 9 20 1 10
10 4 313 15 0 2 5 4 10 20 1 11
11 4 314 16 1 2 5 4 11 20 1 11
12 4 315 17 2 2 5 4 12 20 1 11
13 4 316 18 3 2 5 4 13 20 1 11
14 4 317 19 4 2 5 4 14 20 1 11
15 4 325 N 0 3 5 4 15 20 1 12
16 4 326 N 1 3 5 4 16 20 1 12
17 4 327 N 2 3 5 4 17 20 1 12
18 4 328 N 3 3 5 4 18 20 1 12
19 4 329 N 4 3 5 4 19 20 1 12
0 4 289 5 0 0 5 4 0 20 1 9
1 4 290 6 1 0 5 4 1 20 1 9
2 4 291 7 2 0 5 4 2 20 1 9
3 4 292 8 3 0 5 4 3 20 1 9
4 4 293 9 4 0 5 4 4 20 1 9
5 4 301 10 0 1 5 4 5 20 1 10
6 4 302 11 1 1 5 4 6 20 1 10
7 4 303 12 2 1 5 4 7 20 1 10
8 4 304 13 3 1 5 4 8 20 1 10
9 4 305 14 4 1 5 4 9 20 1 10
10 4 313 15 0 2 5 4 10 20 1 11
11 4 314 16 1 2 5 4 11 20 1 11
12 4 315 17 2 2 5 4 12 20 1 11
13 4 316 18 3 2 5 4 13 20 1 11
14 4 317 19 4 2 5 4 14 20 1 11
15 4 325 N 0 3 5 4 15 20 1 12
16 4 326 N 1 3 5 4 16 20 1 12
17 4 327 N 2 3 5 4 17 20 1 12
18 4 328 N 3 3 5 4 18 20 1 12
19 4 329 N 4 3 5 4 19 20 1 12
0 4 457 5 0 0 5 4 0 20 2 9
1 4 458 6 1 0 5 4 1 20 2 9
2 4 459 7 2 0 5 4 2 20 2 9
3 4 460 8 3 0 5 4 3 20 2 9
4 4 461 9 4 0 5 4 4 20 2 9
5 4 469 10 0 1 5 4 5 20 2 10
6 4 470 11 1 1 5 4 6 20 2 10
7 4 471 12 2 1 5 4 7 20 2 10
8 4 472 13 3 1 5 4 8 20 2 10
9 4 473 14 4 1 5 4 9 20 2 10
10 4 481 15 0 2 5 4 10 20 2 11
11 4 482 16 1 2 5 4 11 20 2 11
12 4 483 17 2 2 5 4 12 20 2 11
13 4 484 18 3 2 5 4 13 20 2 11
14 4 485 19 4 2 5 4 14 20 2 11
15 4 493 N 0 3 5 4 15 20 2 12
16 4 494 N 1 3 5 4 16 20 2 12
17 4 495 N 2 3 5 4 17 20 2 12
18 4 496 N 3 3 5 4 18 20 2 12
19 4 497 N 4 3 5 4 19 20 2 12
0 4 457 5 0 0 5 4 0 20 2 9
1 4 458 6 1 0 5 4 1 20 2 9
2 4 459 7 2 0 5 4 2 20 2 9
3 4 460 8 3 0 5 4 3 20 2 9
4 4 461 9 4 0 5 4 4 20 2 9
5 4 469 10 0 1 5 4 5 20 2 10
6 4 470 11 1 1 5 4 6 20 2 10
7 4 471 12 2 1 5 4 7 20 2 10
8 4 472 13 3 1 5 4 8 20 2 10
9 4 473 14 4 1 5 4 9 20 2 10
10 4 481 15 0 2 5 4 10 20 2 11
11 4 482 16 1 2 5 4 11 20 2 11
12 4 483 17 2 2 5 4 12 20 2 11
13 4 484 18 3 2 5 4 13 20 2 11
14 4 485 19 4 2 5 4 14 20 2 11
15 4 493 N 0 3 5 4 15 20 2 12
16 4 494 N 1 3 5 4 16 20 2 12
17 4 495 N 2 3 5 4 17 20 2 12
18 4 496 N 3 3 5 4 18 20 2 12
19 4 497 N 4 3 5 4 19 20 2 12
0 4 289 5 0 0 5 4 0 20 1 9
1 4 290 6 1 0 5 4 1 20 1 9
2 4 291 7 2 0 5 4 2 20 1 9
3 4 292 8 3 0 5 4 3 20 1 9
4 4 293 9 4 0 5 4 4 20 1 9
5 4 301 10 0 1 5 4 5 20 1 10
6 4 302 11 1 1 5 4 6 20 1 10
7 4 303 12 2 1 5 4 7 20 1 10
8 4 304 13 3 1 5 4 8 20 1 10
9 4 305 14 4 1 5 4 9 20 1 10
10 4 313 15 0 2 5 4 10 20 1 11
11 4 314 16 1 2 5 4 11 20 1 11
12 4 315 17 2 2 5 4 12 20 1 11
13 4 316 18 3 2 5 4 13 20 1 11
14 4 317 19 4 2 5 4 14 20 1 11
15 4 325 N 0 3 5 4 15 20 1 12
16 4 326 N 1 3 5 4 16 20 1 12
17 4 327 N 2 3 5 4 17 20 1 12
18 4 328 N 3 3 5 4 18 20 1 12
19 4 329 N 4 3 5 4 19 20 1 12
0 4 289 5 0 0 5 4 0 20 1 9
1 4 290 6 1 0 5 4 1 20 1 9
2 4 291 7 2 0 5 4 2 20 1 9
3 4 292 8 3 0 5 4 3 20 1 9
4 4 293 9 4 0 5 4 4 20 1 9
5 4 301 10 0 1 5 4 5 20 1 10
6 4 302 11 1 1 5 4 6 20 1 10
7 4 303 12 2 1 5 4 7 20 1 10
8 4 304 13 3 1 5 4 8 20 1 10
9 4 305 14 4 1 5 4 9 20 1 10
10 4 313 15 0 2 5 4 10 20 1 11
11 4 314 16 1 2 5 4 11 20 1 11
12 4 315 17 2 2 5 4 12 20 1 11
13 4 316 18 3 2 5 4 13 20 1 11
14 4 317 19 4 2 5 4 14 20 1 11
15 4 325 N 0 3 5 4 15 20 1 12
16 4 326 N 1 3 5 4 16 20 1 12
17 4 327 N 2 3 5 4 17 20 1 12
18 4 328 N 3 3 5 4 18 20 1 12
19 4 329 N 4 3 5 4 19 20 1 12
0 4 457 5 0 0 5 4 0 20 2 9
1 4 458 6 1 0 5 4 1 20 2 9
2 4 459 7 2 0 5 4 2 20 2 9
3 4 460 8 3 0 5 4 3 20 2 9
4 4 461 9 4 0 5 4 4 20 2 9
5 4 469 10 0 1 5 4 5 20 2 10
6 4 470 11 1 1 5 4 6 20 2 10
7 4 471 12 2 1 5 4 7 20 2 10
8 4 472 13 3 1 5 4 8 20 2 10
9 4 473 14 4 1 5 4 9 20 2 10
10 4 481 15 0 2 5 4 10 20 2 11
11 4 482 16 1 2 5 4 11 20 2 11
12 4 483 17 2 2 5 4 12 20 2 11
13 4 484 18 3 2 5 4 13 20 2 11
14 4 485 19 4 2 5 4 14 20 2 11
15 4 493 N 0 3 5 4 15 20 2 12
16 4 494 N 1 3 5 4 16 20 2 12
17 4 495 N 2 3 5 4 17 20 2 12
18 4 496 N 3 3 5 4 18 20 2 12
19 4 497 N 4 3 5 4 19 20 2 12
0 4 457 5 0 0 5 4 0 20 2 9
1 4 458 6 1 0 5 4 1 20 2 9
2 4 459 7 2 0 5 4 2 20 2 9
3 4 460 8 3 0 5 4 3 20 2 9
4 4 461 9 4 0 5 4 4 20 2 9
5 4 469 10 0 1 5 4 5 20 2 10
6 4 470 11 1 1 5 4 6 20 2 10
7 4 471 12 2 1 5 4 7 20 2 10
8 4 472 13 3 1 5 4 8 20 2 10
9 4 473 14 4 1 5 4 9 20 2 10
10 4 481 15 0 2 5 4 10 20 2 11
11 4 482 16 1 2 5 4 11 20 2 11
12 4 483 17 2 2 5 4 12 20 2 11
13 4 484 18 3 2 5 4 13 20 2 11
14 4 485 19 4 2 5 4 14 20 2 11
15 4 493 N 0 3 5 4 15 20 2 12
16 4 494 N 1 3 5 4 16 20 2 12
17 4 495 N 2 3 5 4 17 20 2 12
18 4 496 N 3 3 5 4 18 20 2 12
19 4 497 N 4 3 5 4 19 20 2 12
0 4 289 5 0 0 5 4 0 20 1 9
1 4 290 6 1 0 5 4 1 20 1 9
2 4 291 7 2 0 5 4 2 20 1 9
3 4 292 8 3 0 5 4 3 20 1 9
4 4 293 9 4 0 5 4 4 20 1 9
5 4 301 10 0 1 5 4 5 20 1 10
6 4 302 11 1 1 5 4 6 20 1 10
7 4 303 12 2 1 5 4 7 20 1 10
8 4 304 13 3 1 5 4 8 20 1 10
9 4 305 14 4 1 5 4 9 20 1 10
10 4 313 15 0 2 5 4 10 20 1 11
11 4 314 16 1 2 5 4 11 20 1 11
12 4 315 17 2 2 5 4 12 20 1 11
13 4 316 18 3 2 5 4 13 20 1 11
14 4 317 19 4 2 5 4 14 20 1 11
15 4 325 N 0 3 5 4 15 20 1 12
16 4 326 N 1 3 5 4 16 20 1 12
17 4 327 N 2 3 5 4 17 20 1 12
18 4 328 N 3 3 5 4 18 20 1 12
19 4 329 N 4 3 5 4 19 20 1 12
0 4 289 5 0 0 5 4 0 20 1 9
1 4 290 6 1 0 5 4 1 20 1 9
2 4 291 7 2 0 5 4 2 20 1 9
3 4 292 8 3 0 5 4 3 20 1 9
4 4 293 9 4 0 5 4 4 20 1 9
5 4 301 10 0 1 5 4 5 20 1 10
6 4 302 11 1 1 5 4 6 20 1 10
7 4 303 12 2 1 5 4 7 20 1 10
8 4 304 13 3 1 5 4 8 20 1 10
9 4 305 14 4 1 5 4 9 20 1 10
10 4 313 15 0 2 5 4 10 20 1 11
11 4 314 16 1 2 5 4 11 20 1 11
12 4 315 17 2 2 5 4 12 20 1 11
13 4 316 18 3 2 5 4 13 20 1 11
14 4 317 19 4 2 5 4 14 20 1 11
15 4 325 N 0 3 5 4 15 20 1 12
16 4 326 N 1 3 5 4 16 20 1 12
17 4 327 N 2 3 5 4 17 20 1 12
18 4 328 N 3 3 5 4 18 20 1 12
19 4 329 N 4 3 5 4 19 20 1 12
0 4 457 5 0 0 5 4 0 20 2 9
1 4 458 6 1 0 5 4 1 20 2 9
2 4 459 7 2 0 5 4 2 20 2 9
3 4 460 8 3 0 5 4 3 20 2 9
4 4 461 9 4 0 5 4 4 20 2 9
5 4 469 10 0 1 5 4 5 20 2 10
6 4 470 11 1 1 5 4 6 20 2 10
7 4 471 12 2 1 5 4 7 20 2 10
8 4 472 13 3 1 5 4 8 20 2 10
9 4 473 14 4 1 5 4 9 20 2 10
10 4 481 15 0 2 5 4 10 20 2 11
11 4 482 16 1 2 5 4 11 20 2 11
12 4 483 17 2 2 5 4 12 20 2 11
13 4 484 18 3 2 5 4 13 20 2 11
14 4 485 19 4 2 5 4 14 20 2 11
15 4 493 N 0 3 5 4 15 20 2 12
16 4 494 N 1 3 5 4 16 20 2 12
17 4 495 N 2 3 5 4 17 20 2 12
18 4 496 N 3 3 5 4 18 20 2 12
19 4 497 N 4 3 5 4 19 20 2 12
0 4 457 5 0 0 5 4 0 20 2 9
1 4 458 6 1 0 5 4 1 20 2 9
2 4 459 7 2 0 5 4 2 20 2 9
3 4 460 8 3 0 5 4 3 20 2 9
4 4 461 9 4 0 5 4 4 20 2 9
5 4 469 10 0 1 5 4 5 20 2 10
6 4 470 11 1 1 5 4 6 20 2 10
7 4 471 12 2 1 5 4 7 20 2 10
8 4 472 13 3 1 5 4 8 20 2 10
9 4 473 14 4 1 5 4 9 20 2 10
10 4 481 15 0 2 5 4 10 20 2 11
11 4 482 16 1 2 5 4 11 20 2 11
12 4 483 17 2 2 5 4 12 20 2 11
13 4 484 18 3 2 5 4 13 20 2 11
14 4 485 19 4 2 5 4 14 20 2 11
15 4 493 N 0 3 5 4 15 20 2 12
16 4 494 N 1 3 5 4 16 20 2 12
17 4 495 N 2 3 5 4 17 20 2 12
18 4 496 N 3 3 5 4 18 20 2 12
19 4 497 N 4 3 5 4 19 20 2 12
0 5 294 5 0 0 5 4 0 20 1 9
1 5 295 6 1 0 5 4 1 20 1 9
2 5 296 7 2 0 5 4 2 20 1 9
3 5 297 8 3 0 5 4 3 20 1 9
4 5 298 9 4 0 5 4 4 20 1 9
5 5 306 10 0 1 5 4 5 20 1 10
6 5 307 11 1 1 5 4 6 20 1 10
7 5 308 12 2 1 5 4 7 20 1 10
8 5 309 13 3 1 5 4 8 20 1 10
9 5 310 14 4 1 5 4 9 20 1 10
10 5 318 15 0 2 5 4 10 20 1 11
11 5 319 16 1 2 5 4 11 20 1 11
12 5 320 17 2 2 5 4 12 20 1 11
13 5 321 18 3 2 5 4 13 20 1 11
14 5 322 19 4 2 5 4 14 20 1 11
15 5 330 N 0 3 5 4 15 20 1 12
16 5 331 N 1 3 5 4 16 20 1 12
17 5 332 N 2 3 5 4 17 20 1 12
18 5 333 N 3 3 5 4 18 20 1 12
19 5 334 N 4 3 5 4 19 20 1 12
0 5 294 5 0 0 5 4 0 20 1 9
1 5 295 6 1 0 5 4 1 20 1 9
2 5 296 7 2 0 5 4 2 20 1 9
3 5 297 8 3 0 5 4 3 20 1 9
4 5 298 9 4 0 5 4 4 20 1 9
5 5 306 10 0 1 5 4 5 20 1 10
6 5 307 11 1 1 5 4 6 20 1 10
7 5 308 12 2 1 5 4 7 20 1 10
8 5 309 13 3 1 5 4 8 20 1 10
9 5 310 14 4 1 5 4 9 20 1 10
10 5 318 15 0 2 5 4 10 20 1 11
11 5 319 16 1 2 5 4 11 20 1 11
12 5 320 17 2 2 5 4 12 20 1 11
13 5 321 18 3 2 5 4 13 20 1 11
14 5 322 19 4 2 5 4 14 20 1 11
15 5 330 N 0 3 5 4 15 20 1 12
16 5 331 N 1 3 5 4 16 20 1 12
17 5 332 N 2 3 5 4 17 20 1 12
18 5 333 N 3 3 5 4 18 20 1 12
19 5 334 N 4 3 5 4 19 20 1 12
0 5 462 5 0 0 5 4 0 20 2 9
1 5 463 6 1 0 5 4 1 20 2 9
2 5 464 7 2 0 5 4 2 20 2 9
3 5 465 8 3 0 5 4 3 20 2 9
4 5 466 9 4 0 5 4 4 20 2 9
5 5 474 10 0 1 5 4 5 20 2 10
6 5 475 11 1 1 5 4 6 20 2 10
7 5 476 12 2 1 5 4 7 20 2 10
8 5 477 13 3 1 5 4 8 20 2 10
9 5 478 14 4 1 5 4 9 20 2 10
10 5 486 15 0 2 5 4 10 20 2 11
11 5 487 16 1 2 5 4 11 20 2 11
12 5 488 17 2 2 5 4 12 20 2 11
13 5 489 18 3 2 5 4 13 20 2 11
14 5 490 19 4 2 5 4 14 20 2 11
15 5 498 N 0 3 5 4 15 20 2 12
16 5 499 N 1 3 5 4 16 20 2 12
17 5 500 N 2 3 5 4 17 20 2 12
18 5 501 N 3 3 5 4 18 20 2 12
19 5 502 N 4 3 5 4 19 20 2 12
0 5 462 5 0 0 5 4 0 20 2 9
1 5 463 6 1 0 5 4 1 20 2 9
2 5 464 7 2 0 5 4 2 20 2 9
3 5 465 8 3 0 5 4 3 20 2 9
4 5 466 9 4 0 5 4 4 20 2 9
5 5 474 10 0 1 5 4 5 20 2 10
6 5 475 11 1 1 5 4 6 20 2 10
7 5 476 12 2 1 5 4 7 20 2 10
8 5 477 13 3 1 5 4 8 20 2 10
9 5 478 14 4 1 5 4 9 20 2 10
10 5 486 15 0 2 5 4 10 20 2 11
11 5 487 16 1 2 5 4 11 20 2 11
12 5 488 17 2 2 5 4 12 20 2 11
13 5 489 18 3 2 5 4 13 20 2 11
14 5 490 19 4 2 5 4 14 20 2 11
15 5 498 N 0 3 5 4 15 20 2 12
16 5 499 N 1 3 5 4 16 20 2 12
17 5 500 N 2 3 5 4 17 20 2 12
18 5 501 N 3 3 5 4 18 20 2 12
19 5 502 N 4 3 5 4 19 20 2 12
0 5 294 5 0 0 5 4 0 20 1 9
1 5 295 6 1 0 5 4 1 20 1 9
2 5 296 7 2 0 5 4 2 20 1 9
3 5 297 8 3 0 5 4 3 20 1 9
4 5 298 9 4 0 5 4 4 20 1 9
5 5 306 10 0 1 5 4 5 20 1 10
6 5 307 11 1 1 5 4 6 20 1 10
7 5 308 12 2 1 5 4 7 20 1 10
8 5 309 13 3 1 5 4 8 20 1 10
9 5 310 14 4 1 5 4 9 20 1 10
10 5 318 15 0 2 5 4 10 20 1 11
11 5 319 16 1 2 5 4 11 20 1 11
12 5 320 17 2 2 5 4 12 20 1 11
13 5 321 18 3 2 5 4 13 20 1 11
14 5 322 19 4 2 5 4 14 20 1 11
15 5 330 N 0 3 5 4 15 20 1 12
16 5 331 N 1 3 5 4 16 20 1 12
17 5 332 N 2 3 5 4 17 20 1 12
18 5 333 N 3 3 5 4 18 20 1 12
19 5 334 N 4 3 5 4 19 20 1 12
0 5 294 5 0 0 5 4 0 20 1 9
1 5 295 6 1 0 5 4 1 20 1 9
2 5 296 7 2 0 5 4 2 20 1 9
3 5 297 8 3 0 5 4 3 20 1 9
4 5 298 9 4 0 5 4 4 20 1 9
5 5 306 10 0 1 5 4 5 20 1 10
6 5 307 11 1 1 5 4 6 20 1 10
7 5 308 12 2 1 5 4 7 20 1 10
8 5 309 13 3 1 5 4 8 20 1 10
9 5 310 14 4 1 5 4 9 20 1 10
10 5 318 15 0 2 5 4 10 20 1 11
11 5 319 16 1 2 5 4 11 20 1 11
12 5 320 17 2 2 5 4 12 20 1 11
13 5 321 18 3 2 5 4 13 20 1 11
14 5 322 19 4 2 5 4 14 20 1 11
15 5 330 N 0 3 5 4 15 20 1 12
16 5 331 N 1 3 5 4 16 20 1 12
17 5 332 N 2 3 5 4 17 20 1 12
18 5 333 N 3 3 5 4 18 20 1 12
19 5 334 N 4 3 5 4 19 20 1 12
0 5 462 5 0 0 5 4 0 20 2 9
1 5 463 6 1 0 5 4 1 20 2 9
2 5 464 7 2 0 5 4 2 20 2 9
3 5 465 8 3 0 5 4 3 20 2 9
4 5 466 9 4 0 5 4 4 20 2 9
5 5 474 10 0 1 5 4 5 20 2 10
6 5 475 11 1 1 5 4 6 20 2 10
7 5 476 12 2 1 5 4 7 20 2 10
8 5 477 13 3 1 5 4 8 20 2 10
9 5 478 14 4 1 5 4 9 20 2 10
10 5 486 15 0 2 5 4 10 20 2 11
11 5 487 16 1 2 5 4 11 20 2 11
12 5 488 17 2 2 5 4 12 20 2 11
13 5 489 18 3 2 5 4 13 20 2 11
14 5 490 19 4 2 5 4 14 20 2 11
15 5 498 N 0 3 5 4 15 20 2 12
16 5 499 N 1 3 5 4 16 20 2 12
17 5 500 N 2 3 5 4 17 20 2 12
18 5 501 N 3 3 5 4 18 20 2 12
19 5 502 N 4 3 5 4 19 20 2 12
0 5 462 5 0 0 5 4 0 20 2 9
1 5 463 6 1 0 5 4 1 20 2 9
2 5 464 7 2 0 5 4 2 20 2 9
3 5 465 8 3 0 5 4 3 20 2 9
4 5 466 9 4 0 5 4 4 20 2 9
5 5 474 10 0 1 5 4 5 20 2 10
6 5 475 11 1 1 5 4 6 20 2 10
7 5 476 12 2 1 5 4 7 20 2 10
8 5 477 13 3 1 5 4 8 20 2 10
9 5 478 14 4 1 5 4 9 20 2 10
10 5 486 15 0 2 5 4 10 20 2 11
11 5 487 16 1 2 5 4 11 20 2 11
12 5 488 17 2 2 5 4 12 20 2 11
13 5 489 18 3 2 5 4 13 20 2 11
14 5 490 19 4 2 5 4 14 20 2 11
15 5 498 N 0 3 5 4 15 20 2 12
16 5 499 N 1 3 5 4 16 20 2 12
17 5 500 N 2 3 5 4 17 20 2 12
18 5 501 N 3 3 5 4 18 20 2 12
19 5 502 N 4 3 5 4 19 20 2 12
0 5 294 5 0 0 5 4 0 20 1 9
1 5 295 6 1 0 5 4 1 20 1 9
2 5 296 7 2 0 5 4 2 20 1 9
3 5 297 8 3 0 5 4 3 20 1 9
4 5 298 9 4 0 5 4 4 20 1 9
5 5 306 10 0 1 5 4 5 20 1 10
6 5 307 11 1 1 5 4 6 20 1 10
7 5 308 12 2 1 5 4 7 20 1 10
8 5 309 13 3 1 5 4 8 20 1 10
9 5 310 14 4 1 5 4 9 20 1 10
10 5 318 15 0 2 5 4 10 20 1 11
11 5 319 16 1 2 5 4 11 20 1 11
12 5 320 17 2 2 5 4 12 20 1 11
13 5 321 18 3 2 5 4 13 20 1 11
14 5 322 19 4 2 5 4 14 20 1 11
15 5 330 N 0 3 5 4 15 20 1 12
16 5 331 N 1 3 5 4 16 20 1 12
17 5 332 N 2 3 5 4 17 20 1 12
18 5 333 N 3 3 5 4 18 20 1 12
19 5 334 N 4 3 5 4 19 20 1 12
0 5 294 5 0 0 5 4 0 20 1 9
1 5 295 6 1 0 5 4 1 20 1 9
2 5 296 7 2 0 5 4 2 20 1 9
3 5 297 8 3 0 5 4 3 20 1 9
4 5 298 9 4 0 5 4 4 20 1 9
5 5 306 10 0 1 5 4 5 20 1 10
6 5 307 11 1 1 5 4 6 20 1 10
7 5 308 12 2 1 5 4 7 20 1 10
8 5 309 13 3 1 5 4 8 20 1 10
9 5 310 14 4 1 5 4 9 20 1 10
10 5 318 15 0 2 5 4 10 20 1 11
11 5 319 16 1 2 5 4 11 20 1 11
12 5 320 17 2 2 5 4 12 20 1 11
13 5 321 18 3 2 5 4 13 20 1 11
14 5 322 19 4 2 5 4 14 20 1 11
15 5 330 N 0 3 5 4 15 20 1 12
16 5 331 N 1 3 5 4 16 20 1 12
17 5 332 N 2 3 5 4 17 20 1 12
18 5 333 N 3 3 5 4 18 20 1 12
19 5 334 N 4 3 5 4 19 20 1 12
0 5 462 5 0 0 5 4 0 20 2 9
1 5 463 6 1 0 5 4 1 20 2 9
2 5 464 7 2 0 5 4 2 20 2 9
3 5 465 8 3 0 5 4 3 20 2 9
4 5 466 9 4 0 5 4 4 20 2 9
5 5 474 10 0 1 5 4 5 20 2 10
6 5 475 11 1 1 5 4 6 20 2 10
7 5 476 12 2 1 5 4 7 20 2 10
8 5 477 13 3 1 5 4 8 20 2 10
9 5 478 14 4 1 5 4 9 20 2 10
10 5 486 15 0 2 5 4 10 20 2 11
11 5 487 16 1 2 5 4 11 20 2 11
12 5 488 17 2 2 5 4 12 20 2 11
13 5 489 18 3 2 5 4 13 20 2 11
14 5 490 19 4 2 5 4 14 20 2 11
15 5 498 N 0 3 5 4 15 20 2 12
16 5 499 N 1 3 5 4 16 20 2 12
17 5 500 N 2 3 5 4 17 20 2 12
18 5 501 N 3 3 5 4 18 20 2 12
19 5 502 N 4 3 5 4 19 20 2 12
0 5 462 5 0 0 5 4 0 20 2 9
1 5 463 6 1 0 5 4 1 20 2 9
2 5 464 7 2 0 5 4 2 20 2 9
3 5 465 8 3 0 5 4 3 20 2 9
4 5 466 9 4 0 5 4 4 20 2 9
5 5 474 10 0 1 5 4 5 20 2 10
6 5 475 11 1 1 5 4 6 20 2 10
7 5 476 12 2 1 5 4 7 20 2 10
8 5 477 13 3 1 5 4 8 20 2 10
9 5 478 14 4 1 5 4 9 20 2 10
10 5 486 15 0 2 5 4 10 20 2 11
11 5 487 16 1 2 5 4 11 20 2 11
12 5 488 17 2 2 5 4 12 20 2 11
13 5 489 18 3 2 5 4 13 20 2 11
14 5 490 19 4 2 5 4 14 20 2 11
15 5 498 N 0 3 5 4 15 20 2 12
16 5 499 N 1 3 5 4 16 20 2 12
17 5 500 N 2 3 5 4 17 20 2 12
18 5 501 N 3 3 5 4 18 20 2 12
19 5 502 N 4 3 5 4 19 20 2 12
0 0 193 5 0 0 5 4 0 20 1 1
1 0 194 6 1 0 5 4 1 20 1 1
2 0 195 7 2 0 5 4 2 20 1 1
3 0 196 8 3 0 5 4 3 20 1 1
4 0 197 9 4 0 5 4 4 20 1 1
5 0 205 10 0 1 5 4 5 20 1 2
6 0 206 11 1 1 5 4 6 20 1 2
7 0 207 12 2 1 5 4 7 20 1 2
8 0 208 13 3 1 5 4 8 20 1 2
9 0 209 14 4 1 5 4 9 20 1 2
10 0 217 15 0 2 5 4 10 20 1 3
11 0 218 16 1 2 5 4 11 20 1 3
12 0 219 17 2 2 5 4 12 20 1 3
13 0 220 18 3 2 5 4 13 20 1 3
14 0 221 19 4 2 5 4 14 20 1 3
15 0 229 N 0 3 5 4 15 20 1 4
16 0 230 N 1 3 5 4 16 20 1 4
17 0 231 N 2 3 5 4 17 20 1 4
18 0 232 N 3 3 5 4 18 20 1 4
19 0 233 N 4 3 5 4 19 20 1 4
0 0 193 5 0 0 5 4 0 20 1 1
1 0 194 6 1 0 5 4 1 20 1 1
2 0 195 7 2 0 5 4 2 20 1 1
3 0 196 8 3 0 5 4 3 20 1 1
4 0 197 9 4 0 5 4 4 20 1 1
5 0 205 10 0 1 5 4 5 20 1 2
6 0 206 11 1 1 5 4 6 20 1 2
7 0 207 12 2 1 5 4 7 20 1 2
8 0 208 13 3 1 5 4 8 20 1 2
9 0 209 14 4 1 5 4 9 20 1 2
10 0 217 15 0 2 5 4 10 20 1 3
11 0 218 16 1 2 5 4 11 20 1 3
12 0 219 17 2 2 5 4 12 20 1 3
13 0 220 18 3 2 5 4 13 20 1 3
14 0 221 19 4 2 5 4 14 20 1 3
15 0 229 N 0 3 5 4 15 20 1 4
16 0 230 N 1 3 5 4 16 20 1 4
17 0 231 N 2 3 5 4 17 20 1 4
18 0 232 N 3 3 5 4 18 20 1 4
19 0 233 N 4 3 5 4 19 20 1 4
0 0 361 5 0 0 5 4 0 20 2 1
1 0 362 6 1 0 5 4 1 20 2 1
2 0 363 7 2 0 5 4 2 20 2 1
3 0 364 8 3 0 5 4 3 20 2 1
4 0 365 9 4 0 5 4 4 20 2 1
5 0 373 10 0 1 5 4 5 20 2 2
6 0 374 11 1 1 5 4 6 20 2 2
7 0 375 12 2 1 5 4 7 20 2 2
8 0 376 13 3 1 5 4 8 20 2 2
9 0 377 14 4 1 5 4 9 20 2 2
10 0 385 15 0 2 5 4 10 20 2 3
11 0 386 16 1 2 5 4 11 20 2 3
12 0 387 17 2 2 5 4 12 20 2 3
13 0 388 18 3 2 5 4 13 20 2 3
14 0 389 19 4 2 5 4 14 20 2 3
15 0 397 N 0 3 5 4 15 20 2 4
16 0 398 N 1 3 5 4 16 20 2 4
17 0 399 N 2 3 5 4 17 20 2 4
18 0 400 N 3 3 5 4 18 20 2 4
19 0 401 N 4 3 5 4 19 20 2 4
0 0 361 5 0 0 5 4 0 20 2 1
1 0 362 6 1 0 5 4 1 20 2 1
2 0 363 7 2 0 5 4 2 20 2 1
3 0 364 8 3 0 5 4 3 20 2 1
4 0 365 9 4 0 5 4 4 20 2 1
5 0 373 10 0 1 5 4 5 20 2 2
6 0 374 11 1 1 5 4 6 20 2 2
7 0 375 12 2 1 5 4 7 20 2 2
8 0 376 13 3 1 5 4 8 20 2 2
9 0 377 14 4 1 5 4 9 20 2 2
10 0 385 15 0 2 5 4 10 20 2 3
11 0 386 16 1 2 5 4 11 20 2 3
12 0 387 17 2 2 5 4 12 20 2 3
13 0 388 18 3 2 5 4 13 20 2 3
14 0 389 19 4 2 5 4 14 20 2 3
15 0 397 N 0 3 5 4 15 20 2 4
16 0 398 N 1 3 5 4 16 20 2 4
17 0 399 N 2 3 5 4 17 20 2 4
18 0 400 N 3 3 5 4 18 20 2 4
19 0 401 N 4 3 5 4 19 20 2 4
0 0 193 5 0 0 5 4 0 20 1 1
1 0 194 6 1 0 5 4 1 20 1 1
2 0 195 7 2 0 5 4 2 20 1 1
3 0 196 8 3 0 5 4 3 20 1 1
4 0 197 9 4 0 5 4 4 20 1 1
5 0 205 10 0 1 5 4 5 20 1 2
6 0 206 11 1 1 5 4 6 20 1 2
7 0 207 12 2 1 5 4 7 20 1 2
8 0 208 13 3 1 5 4 8 20 1 2
9 0 209 14 4 1 5 4 9 20 1 2
10 0 217 15 0 2 5 4 10 20 1 3
11 0 218 16 1 2 5 4 11 20 1 3
12 0 219 17 2 2 5 4 12 20 1 3
13 0 220 18 3 2 5 4 13 20 1 3
14 0 221 19 4 2 5 4 14 20 1 3
15 0 229 N 0 3 5 4 15 20 1 4
16 0 230 N 1 3 5 4 16 20 1 4
17 0 231 N 2 3 5 4 17 20 1 4
18 0 232 N 3 3 5 4 18 20 1 4
19 0 233 N 4 3 5 4 19 20 1 4
0 0 193 5 0 0 5 4 0 20 1 1
1 0 194 6 1 0 5 4 1 20 1 1
2 0 195 7 2 0 5 4 2 20 1 1
3 0 196 8 3 0 5 4 3 20 1 1
4 0 197 9 4 0 5 4 4 20 1 1
5 0 205 10 0 1 5 4 5 20 1 2
6 0 206 11 1 1 5 4 6 20 1 2
7 0 207 12 2 1 5 4 7 20 1 2
8 0 208 13 3 1 5 4 8 20 1 2
9 0 209 14 4 1 5 4 9 20 1 2
10 0 217 15 0 2 5 4 10 20 1 3
11 0 218 16 1 2 5 4 11 20 1 3
12 0 219 17 2 2 5 4 12 20 1 3
13 0 220 18 3 2 5 4 13 20 1 3
14 0 221 19 4 2 5 4 14 20 1 3
15 0 229 N 0 3 5 4 15 20 1 4
16 0 230 N 1 3 5 4 16 20 1 4
17 0 231 N 2 3 5 4 17 20 1 4
18 0 232 N 3 3 5 4 18 20 1 4
19 0 233 N 4 3 5 4 19 20 1 4
0 0 361 5 0 0 5 4 0 20 2 1
1 0 362 6 1 0 5 4 1 20 2 1
2 0 363 7 2 0 5 4 2 20 2 1
3 0 364 8 3 0 5 4 3 20 2 1
4 0 365 9 4 0 5 4 4 20 2 1
5 0 373 10 0 1 5 4 5 20 2 2
6 0 374 11 1 1 5 4 6 20 2 2
7 0 375 12 2 1 5 4 7 20 2 2
8 0 376 13 3 1 5 4 8 20 2 2
9 0 377 14 4 1 5 4 9 20 2 2
10 0 385 15 0 2 5 4 10 20 2 3
11 0 386 16 1 2 5 4 11 20 2 3
12 0 387 17 2 2 5 4 12 20 2 3
13 0 388 18 3 2 5 4 13 20 2 3
14 0 389 19 4 2 5 4 14 20 2 3
15 0 397 N 0 3 5 4 15 20 2 4
16 0 398 N 1 3 5 4 16 20 2 4
17 0 399 N 2 3 5 4 17 20 2 4
18 0 400 N 3 3 5 4 18 20 2 4
19 0 401 N 4 3 5 4 19 20 2 4
0 0 361 5 0 0 5 4 0 20 2 1
1 0 362 6 1 0 5 4 1 20 2 1
2 0 363 7 2 0 5 4 2 20 2 1
3 0 364 8 3 0 5 4 3 20 2 1
4 0 365 9 4 0 5 4 4 20 2 1
5 0 373 10 0 1 5 4 5 20 2 2
6 0 374 11 1 1 5 4 6 20 2 2
7 0 375 12 2 1 5 4 7 20 2 2
8 0 376 13 3 1 5 4 8 20 2 2
9 0 377 14 4 1 5 4 9 20 2 2
10 0 385 15 0 2 5 4 10 20 2 3
11 0 386 16 1 2 5 4 11 20 2 3
12 0 387 17 2 2 5 4 12 20 2 3
13 0 388 18 3 2 5 4 13 20 2 3
14 0 389 19 4 2 5 4 14 20 2 3
15 0 397 N 0 3 5 4 15 20 2 4
16 0 398 N 1 3 5 4 16 20 2 4
17 0 399 N 2 3 5 4 17 20 2 4
18 0 400 N 3 3 5 4 18 20 2 4
19 0 401 N 4 3 5 4 19 20 2 4
0 0 193 5 0 0 5 4 0 20 1 1
1 0 194 6 1 0 5 4 1 20 1 1
2 0 195 7 2 0 5 4 2 20 1 1
3 0 196 8 3 0 5 4 3 20 1 1
4 0 197 9 4 0 5 4 4 20 1 1
5 0 205 10 0 1 5 4 5 20 1 2
6 0 206 11 1 1 5 4 6 20 1 2
7 0 207 12 2 1 5 4 7 20 1 2
8 0 208 13 3 1 5 4 8 20 1 2
9 0 209 14 4 1 5 4 9 20 1 2
10 0 217 15 0 2 5 4 10 20 1 3
11 0 218 16 1 2 5 4 11 20 1 3
12 0 219 17 2 2 5 4 12 20 1 3
13 0 220 18 3 2 5 4 13 20 1 3
14 0 221 19 4 2 5 4 14 20 1 3
15 0 229 N 0 3 5 4 15 20 1 4
16 0 230 N 1 3 5 4 16 20 1 4
17 0 231 N 2 3 5 4 17 20 1 4
18 0 232 N 3 3 5 4 18 20 1 4
19 0 233 N 4 3 5 4 19 20 1 4
0 0 193 5 0 0 5 4 0 20 1 1
1 0 194 6 1 0 5 4 1 20 1 1
2 0 195 7 2 0 5 4 2 20 1 1
3 0 196 8 3 0 5 4 3 20 1 1
4 0 197 9 4 0 5 4 4 20 1 1
5 0 205 10 0 1 5 4 5 20 1 2
6 0 206 11 1 1 5 4 6 20 1 2
7 0 207 12 2 1 5 4 7 20 1 2
8 0 208 13 3 1 5 4 8 20 1 2
9 0 209 14 4 1 5 4 9 20 1 2
10 0 217 15 0 2 5 4 10 20 1 3
11 0 218 16 1 2 5 4 11 20 1 3
12 0 219 17 2 2 5 4 12 20 1 3
13 0 220 18 3 2 5 4 13 20 1 3
14 0 221 19 4 2 5 4 14 20 1 3
15 0 229 N 0 3 5 4 15 20 1 4
16 0 230 N 1 3 5 4 16 20 1 4
17 0 231 N 2 3 5 4 17 20 1 4
18 0 232 N 3 3 5 4 18 20 1 4
19 0 233 N 4 3 5 4 19 20 1 4
0 0 361 5 0 0 5 4 0 20 2 1
1 0 362 6 1 0 5 4 1 20 2 1
2 0 363 7 2 0 5 4 2 20 2 1
3 0 364 8 3 0 5 4 3 20 2 1
4 0 365 9 4 0 5 4 4 20 2 1
5 0 373 10 0 1 5 4 5 20 2 2
6 0 374 11 1 1 5 4 6 20 2 2
7 0 375 12 2 1 5 4 7 20 2 2
8 0 376 13 3 1 5 4 8 20 2 2
9 0 377 14 4 1 5 4 9 20 2 2
10 0 385 15 0 2 5 4 10 20 2 3
11 0 386 16 1 2 5 4 11 20 2 3
12 0 387 17 2 2 5 4 12 20 2 3
13 0 388 18 3 2 5 4 13 20 2 3
14 0 389 19 4 2 5 4 14 20 2 3
15 0 397 N 0 3 5 4 15 20 2 4
16 0 398 N 1 3 5 4 16 20 2 4
17 0 399 N 2 3 5 4 17 20 2 4
18 0 400 N 3 3 5 4 18 20 2 4
19 0 401 N 4 3 5 4 19 20 2 4
0 0 361 5 0 0 5 4 0 20 2 1
1 0 362 6 1 0 5 4 1 20 2 1
2 0 363 7 2 0 5 4 2 20 2 1
3 0 364 8 3 0 5 4 3 20 2 1
4 0 365 9 4 0 5 4 4 20 2 1
5 0 373 10 0 1 5 4 5 20 2 2
6 0 374 11 1 1 5 4 6 20 2 2
7 0 375 12 2 1 5 4 7 20 2 2
8 0 376 13 3 1 5 4 8 20 2 2
9 0 377 14 4 1 5 4 9 20 2 2
10 0 385 15 0 2 5 4 10 20 2 3
11 0 386 16 1 2 5 4 11 20 2 3
12 0 387 17 2 2 5 4 12 20 2 3
13 0 388 18 3 2 5 4 13 20 2 3
14 0 389 19 4 2 5 4 14 20 2 3
15 0 397 N 0 3 5 4 15 20 2 4
16 0 398 N 1 3 5 4 16 20 2 4
17 0 399 N 2 3 5 4 17 20 2 4
18 0 400 N 3 3 5 4 18 20 2 4
19 0 401 N 4 3 5 4 19 20 2 4
0 1 198 5 0 0 5 4 0 20 1 1
1 1 199 6 1 0 5 4 1 20 1 1
2 1 200 7 2 0 5 4 2 20 1 1
3 1 201 8 3 0 5 4 3 20 1 1
4 1 202 9 4 0 5 4 4 20 1 1
5 1 210 10 0 1 5 4 5 20 1 2
6 1 211 11 1 1 5 4 6 20 1 2
7 1 212 12 2 1 5 4 7 20 1 2
8 1 213 13 3 1 5 4 8 20 1 2
9 1 214 14 4 1 5 4 9 20 1 2
10 1 222 15 0 2 5 4 10 20 1 3
11 1 223 16 1 2 5 4 11 20 1 3
12 1 224 17 2 2 5 4 12 20 1 3
13 1 225 18 3 2 5 4 13 20 1 3
14 1 226 19 4 2 5 4 14 20 1 3
15 1 234 N 0 3 5 4 15 20 1 4
16 1 235 N 1 3 5 4 16 20 1 4
17 1 236 N 2 3 5 4 17 20 1 4
18 1 237 N 3 3 5 4 18 20 1 4
19 1 238 N 4 3 5 4 19 20 1 4
0 1 198 5 0 0 5 4 0 20 1 1
1 1 199 6 1 0 5 4 1 20 1 1
2 1 200 7 2 0 5 4 2 20 1 1
3 1 201 8 3 0 5 4 3 20 1 1
4 1 202 9 4 0 5 4 4 20 1 1
5 1 210 10 0 1 5 4 5 20 1 2
6 1 211 11 1 1 5 4 6 20 1 2
7 1 212 12 2 1 5 4 7 20 1 2
8 1 213 13 3 1 5 4 8 20 1 2
9 1 214 14 4 1 5 4 9 20 1 2
10 1 222 15 0 2 5 4 10 20 1 3
11 1 223 16 1 2 5 4 11 20 1 3
12 1 224 17 2 2 5 4 12 20 1 3
13 1 225 18 3 2 5 4 13 20 1 3
14 1 226 19 4 2 5 4 14 20 1 3
15 1 234 N 0 3 5 4 15 20 1 4
16 1 235 N 1 3 5 4 16 20 1 4
17 1 236 N 2 3 5 4 17 20 1 4
18 1 237 N 3 3 5 4 18 20 1 4
19 1 238 N 4 3 5 4 19 20 1 4
0 1 366 5 0 0 5 4 0 20 2 1
1 1 367 6 1 0 5 4 1 20 2 1
2 1 368 7 2 0 5 4 2 20 2 1
3 1 369 8 3 0 5 4 3 20 2 1
4 1 370 9 4 0 5 4 4 20 2 1
5 1 378 10 0 1 5 4 5 20 2 2
6 1 379 11 1 1 5 4 6 20 2 2
7 1 380 12 2 1 5 4 7 20 2 2
8 1 381 13 3 1 5 4 8 20 2 2
9 1 382 14 4 1 5 4 9 20 2 2
10 1 390 15 0 2 5 4 10 20 2 3
11 1 391 16 1 2 5 4 11 20 2 3
12 1 392 17 2 2 5 4 12 20 2 3
13 1 393 18 3 2 5 4 13 20 2 3
14 1 394 19 4 2 5 4 14 20 2 3
15 1 402 N 0 3 5 4 15 20 2 4
16 1 403 N 1 3 5 4 16 20 2 4
17 1 404 N 2 3 5 4 17 20 2 4
18 1 405 N 3 3 5 4 18 20 2 4
19 1 406 N 4 3 5 4 19 20 2 4
0 1 366 5 0 0 5 4 0 20 2 1
1 1 367 6 1 0 5 4 1 20 2 1
2 1 368 7 2 0 5 4 2 20 2 1
3 1 369 8 3 0 5 4 3 20 2 1
4 1 370 9 4 0 5 4 4 20 2 1
5 1 378 10 0 1 5 4 5 20 2 2
6 1 379 11 1 1 5 4 6 20 2 2
7 1 380 12 2 1 5 4 7 20 2 2
8 1 381 13 3 1 5 4 8 20 2 2
9 1 382 14 4 1 5 4 9 20 2 2
10 1 390 15 0 2 5 4 10 20 2 3
11 1 391 16 1 2 5 4 11 20 2 3
12 1 392 17 2 2 5 4 12 20 2 3
13 1 393 18 3 2 5 4 13 20 2 3
14 1 394 19 4 2 5 4 14 20 2 3
15 1 402 N 0 3 5 4 15 20 2 4
16 1 403 N 1 3 5 4 16 20 2 4
17 1 404 N 2 3 5 4 17 20 2 4
18 1 405 N 3 3 5 4 18 20 2 4
19 1 406 N 4 3 5 4 19 20 2 4
0 1 198 5 0 0 5 4 0 20 1 1
1 1 199 6 1 0 5 4 1 20 1 1
2 1 200 7 2 0 5 4 2 20 1 1
3 1 201 8 3 0 5 4 3 20 1 1
4 1 202 9 4 0 5 4 4 20 1 1
5 1 210 10 0 1 5 4 5 20 1 2
6 1 211 11 1 1 5 4 6 20 1 2
7 1 212 12 2 1 5 4 7 20 1 2
8 1 213 13 3 1 5 4 8 20 1 2
9 1 214 14 4 1 5 4 9 20 1 2
10 1 222 15 0 2 5 4 10 20 1 3
11 1 223 16 1 2 5 4 11 20 1 3
12 1 224 17 2 2 5 4 12 20 1 3
13 1 225 18 3 2 5 4 13 20 1 3
14 1 226 19 4 2 5 4 14 20 1 3
15 1 234 N 0 3 5 4 15 20 1 4
16 1 235 N 1 3 5 4 16 20 1 4
17 1 236 N 2 3 5 4 17 20 1 4
18 1 237 N 3 3 5 4 18 20 1 4
19 1 238 N 4 3 5 4 19 20 1 4
0 1 198 5 0 0 5 4 0 20 1 1
1 1 199 6 1 0 5 4 1 20 1 1
2 1 200 7 2 0 5 4 2 20 1 1
3 1 201 8 3 0 5 4 3 20 1 1
4 1 202 9 4 0 5 4 4 20 1 1
5 1 210 10 0 1 5 4 5 20 1 2
6 1 211 11 1 1 5 4 6 20 1 2
7 1 212 12 2 1 5 4 7 20 1 2
8 1 213 13 3 1 5 4 8 20 1 2
9 1 214 14 4 1 5 4 9 20 1 2
10 1 222 15 0 2 5 4 10 20 1 3
11 1 223 16 1 2 5 4 11 20 1 3
12 1 224 17 2 2 5 4 12 20 1 3
13 1 225 18 3 2 5 4 13 20 1 3
14 1 226 19 4 2 5 4 14 20 1 3
15 1 234 N 0 3 5 4 15 20 1 4
16 1 235 N 1 3 5 4 16 20 1 4
17 1 236 N 2 3 5 4 17 20 1 4
18 1 237 N 3 3 5 4 18 20 1 4
19 1 238 N 4 3 5 4 19 20 1 4
0 1 366 5 0 0 5 4 0 20 2 1
1 1 367 6 1 0 5 4 1 20 2 1
2 1 368 7 2 0 5 4 2 20 2 1
3 1 369 8 3 0 5 4 3 20 2 1
4 1 370 9 4 0 5 4 4 20 2 1
5 1 378 10 0 1 5 4 5 20 2 2
6 1 379 11 1 1 5 4 6 20 2 2
7 1 380 12 2 1 5 4 7 20 2 2
8 1 381 13 3 1 5 4 8 20 2 2
9 1 382 14 4 1 5 4 9 20 2 2
10 1 390 15 0 2 5 4 10 20 2 3
11 1 391 16 1 2 5 4 11 20 2 3
12 1 392 17 2 2 5 4 12 20 2 3
13 1 393 18 3 2 5 4 13 20 2 3
14 1 394 19 4 2 5 4 14 20 2 3
15 1 402 N 0 3 5 4 15 20 2 4
16 1 403 N 1 3 5 4 16 20 2 4
17 1 404 N 2 3 5 4 17 20 2 4
18 1 405 N 3 3 5 4 18 20 2 4
19 1 406 N 4 3 5 4 19 20 2 4
0 1 366 5 0 0 5 4 0 20 2 1
1 1 367 6 1 0 5 4 1 20 2 1
2 1 368 7 2 0 5 4 2 20 2 1
3 1 369 8 3 0 5 4 3 20 2 1
4 1 370 9 4 0 5 4 4 20 2 1
5 1 378 10 0 1 5 4 5 20 2 2
6 1 379 11 1 1 5 4 6 20 2 2
7 1 380 12 2 1 5 4 7 20 2 2
8 1 381 13 3 1 5 4 8 20 2 2
9 1 382 14 4 1 5 4 9 20 2 2
10 1 390 15 0 2 5 4 10 20 2 3
11 1 391 16 1 2 5 4 11 20 2 3
12 1 392 17 2 2 5 4 12 20 2 3
13 1 393 18 3 2 5 4 13 20 2 3
14 1 394 19 4 2 5 4 14 20 2 3
15 1 402 N 0 3 5 4 15 20 2 4
16 1 403 N 1 3 5 4 16 20 2 4
17 1 404 N 2 3 5 4 17 20 2 4
18 1 405 N 3 3 5 4 18 20 2 4
19 1 406 N 4 3 5 4 19 20 2 4
0 1 198 5 0 0 5 4 0 20 1 1
1 1 199 6 1 0 5 4 1 20 1 1
2 1 200 7 2 0 5 4 2 20 1 1
3 1 201 8 3 0 5 4 3 20 1 1
4 1 202 9 4 0 5 4 4 20 1 1
5 1 210 10 0 1 5 4 5 20 1 2
6 1 211 11 1 1 5 4 6 20 1 2
7 1 212 12 2 1 5 4 7 20 1 2
8 1 213 13 3 1 5 4 8 20 1 2
9 1 214 14 4 1 5 4 9 20 1 2
10 1 222 15 0 2 5 4 10 20 1 3
11 1 223 16 1 2 5 4 11 20 1 3
12 1 224 17 2 2 5 4 12 20 1 3
13 1 225 18 3 2 5 4 13 20 1 3
14 1 226 19 4 2 5 4 14 20 1 3
15 1 234 N 0 3 5 4 15 20 1 4
16 1 235 N 1 3 5 4 16 20 1 4
17 1 236 N 2 3 5 4 17 20 1 4
18 1 237 N 3 3 5 4 18 20 1 4
19 1 238 N 4 3 5 4 19 20 1 4
0 1 198 5 0 0 5 4 0 20 1 1
1 1 199 6 1 0 5 4 1 20 1 1
2 1 200 7 2 0 5 4 2 20 1 1
3 1 201 8 3 0 5 4 3 20 1 1
4 1 202 9 4 0 5 4 4 20 1 1
5 1 210 10 0 1 5 4 5 20 1 2
6 1 211 11 1 1 5 4 6 20 1 2
7 1 212 12 2 1 5 4 7 20 1 2
8 1 213 13 3 1 5 4 8 20 1 2
9 1 214 14 4 1 5 4 9 20 1 2
10 1 222 15 0 2 5 4 10 20 1 3
11 1 223 16 1 2 5 4 11 20 1 3
12 1 224 17 2 2 5 4 12 20 1 3
13 1 225 18 3 2 5 4 13 20 1 3
14 1 226 19 4 2 5 4 14 20 1 3
15 1 234 N 0 3 5 4 15 20 1 4
16 1 235 N 1 3 5 4 16 20 1 4
17 1 236 N 2 3 5 4 17 20 1 4
18 1 237 N 3 3 5 4 18 20 1 4
19 1 238 N 4 3 5 4 19 20 1 4
0 1 366 5 0 0 5 4 0 20 2 1
1 1 367 6 1 0 5 4 1 20 2 1
2 1 368 7 2 0 5 4 2 20 2 1
3 1 369 8 3 0 5 4 3 20 2 1
4 1 370 9 4 0 5 4 4 20 2 1
5 1 378 10 0 1 5 4 5 20 2 2
6 1 379 11 1 1 5 4 6 20 2 2
7 1 380 12 2 1 5 4 7 20 2 2
8 1 381 13 3 1 5 4 8 20 2 2
9 1 382 14 4 1 5 4 9 20 2 2
10 1 390 15 0 2 5 4 10 20 2 3
11 1 391 16 1 2 5 4 11 20 2 3
12 1 392 17 2 2 5 4 12 20 2 3
13 1 393 18 3 2 5 4 13 20 2 3
14 1 394 19 4 2 5 4 14 20 2 3
15 1 402 N 0 3 5 4 15 20 2 4
16 1 403 N 1 3 5 4 16 20 2 4
17 1 404 N 2 3 5 4 17 20 2 4
18 1 405 N 3 3 5 4 18 20 2 4
19 1 406 N 4 3 5 4 19 20 2 4
0 1 366 5 0 0 5 4 0 20 2 1
1 1 367 6 1 0 5 4 1 20 2 1
2 1 368 7 2 0 5 4 2 20 2 1
3 1 369 8 3 0 5 4 3 20 2 1
4 1 370 9 4 0 5 4 4 20 2 1
5 1 378 10 0 1 5 4 5 20 2 2
6 1 379 11 1 1 5 4 6 20 2 2
7 1 380 12 2 1 5 4 7 20 2 2
8 1 381 13 3 1 5 4 8 20 2 2
9 1 382 14 4 1 5 4 9 20 2 2
10 1 390 15 0 2 5 4 10 20 2 3
11 1 391 16 1 2 5 4 11 20 2 3
12 1 392 17 2 2 5 4 12 20 2 3
13 1 393 18 3 2 5 4 13 20 2 3
14 1 394 19 4 2 5 4 14 20 2 3
15 1 402 N 0 3 5 4 15 20 2 4
16 1 403 N 1 3 5 4 16 20 2 4
17 1 404 N 2 3 5 4 17 20 2 4
18 1 405 N 3 3 5 4 18 20 2 4
19 1 406 N 4 3 5 4 19 20 2 4
0 2 241 5 0 0 5 4 0 20 1 5
1 2 242 6 1 0 5 4 1 20 1 5
2 2 243 7 2 0 5 4 2 20 1 5
3 2 244 8 3 0 5 4 3 20 1 5
4 2 245 9 4 0 5 4 4 20 1 5
5 2 253 10 0 1 5 4 5 20 1 6
6 2 254 11 1 1 5 4 6 20 1 6
7 2 255 12 2 1 5 4 7 20 1 6
8 2 256 13 3 1 5 4 8 20 1 6
9 2 257 14 4 1 5 4 9 20 1 6
10 2 265 15 0 2 5 4 10 20 1 7
11 2 266 16 1 2 5 4 11 20 1 7
12 2 267 17 2 2 5 4 12 20 1 7
13 2 268 18 3 2 5 4 13 20 1 7
14 2 269 19 4 2 5 4 14 20 1 7
15 2 277 N 0 3 5 4 15 20 1 8
16 2 278 N 1 3 5 4 16 20 1 8
17 2 279 N 2 3 5 4 17 20 1 8
18 2 280 N 3 3 5 4 18 20 1 8
19 2 281 N 4 3 5 4 19 20 1 8
0 2 241 5 0 0 5 4 0 20 1 5
1 2 242 6 1 0 5 4 1 20 1 5
2 2 243 7 2 0 5 4 2 20 1 5
3 2 244 8 3 0 5 4 3 20 1 5
4 2 245 9 4 0 5 4 4 20 1 5
5 2 253 10 0 1 5 4 5 20 1 6
6 2 254 11 1 1 5 4 6 20 1 6
7 2 255 12 2 1 5 4 7 20 1 6
8 2 256 13 3 1 5 4 8 20 1 6
9 2 257 14 4 1 5 4 9 20 1 6
10 2 265 15 0 2 5 4 10 20 1 7
11 2 266 16 1 2 5 4 11 20 1 7
12 2 267 17 2 2 5 4 12 20 1 7
13 2 268 18 3 2 5 4 13 20 1 7
14 2 269 19 4 2 5 4 14 20 1 7
15 2 277 N 0 3 5 4 15 20 1 8
16 2 278 N 1 3 5 4 16 20 1 8
17 2 279 N 2 3 5 4 17 20 1 8
18 2 280 N 3 3 5 4 18 20 1 8
19 2 281 N 4 3 5 4 19 20 1 8
0 2 409 5 0 0 5 4 0 20 2 5
1 2 410 6 1 0 5 4 1 20 2 5
2 2 411 7 2 0 5 4 2 20 2 5
3 2 412 8 3 0 5 4 3 20 2 5
4 2 413 9 4 0 5 4 4 20 2 5
5 2 421 10 0 1 5 4 5 20 2 6
6 2 422 11 1 1 5 4 6 20 2 6
7 2 423 12 2 1 5 4 7 20 2 6
8 2 424 13 3 1 5 4 8 20 2 6
9 2 425 14 4 1 5 4 9 20 2 6
10 2 433 15 0 2 5 4 10 20 2 7
11 2 434 16 1 2 5 4 11 20 2 7
12 2 435 17 2 2 5 4 12 20 2 7
13 2 436 18 3 2 5 4 13 20 2 7
14 2 437 19 4 2 5 4 14 20 2 7
15 2 445 N 0 3 5 4 15 20 2 8
16 2 446 N 1 3 5 4 16 20 2 8
17 2 447 N 2 3 5 4 17 20 2 8
18 2 448 N 3 3 5 4 18 20 2 8
19 2 449 N 4 3 5 4 19 20 2 8
0 2 409 5 0 0 5 4 0 20 2 5
1 2 410 6 1 0 5 4 1 20 2 5
2 2 411 7 2 0 5 4 2 20 2 5
3 2 412 8 3 0 5 4 3 20 2 5
4 2 413 9 4 0 5 4 4 20 2 5
5 2 421 10 0 1 5 4 5 20 2 6
6 2 422 11 1 1 5 4 6 20 2 6
7 2 423 12 2 1 5 4 7 20 2 6
8 2 424 13 3 1 5 4 8 20 2 6
9 2 425 14 4 1 5 4 9 20 2 6
10 2 433 15 0 2 5 4 10 20 2 7
11 2 434 16 1 2 5 4 11 20 2 7
12 2 435 17 2 2 5 4 12 20 2 7
13 2 436 18 3 2 5 4 13 20 2 7
14 2 437 19 4 2 5 4 14 20 2 7
15 2 445 N 0 3 5 4 15 20 2 8
16 2 446 N 1 3 5 4 16 20 2 8
17 2 447 N 2 3 5 4 17 20 2 8
18 2 448 N 3 3 5 4 18 20 2 8
19 2 449 N 4 3 5 4 19 20 2 8
0 2 241 5 0 0 5 4 0 20 1 5
1 2 242 6 1 0 5 4 1 20 1 5
2 2 243 7 2 0 5 4 2 20 1 5
3 2 244 8 3 0 5 4 3 20 1 5
4 2 245 9 4 0 5 4 4 20 1 5
5 2 253 10 0 1 5 4 5 20 1 6
6 2 254 11 1 1 5 4 6 20 1 6
7 2 255 12 2 1 5 4 7 20 1 6
8 2 256 13 3 1 5 4 8 20 1 6
9 2 257 14 4 1 5 4 9 20 1 6
10 2 265 15 0 2 5 4 10 20 1 7
11 2 266 16 1 2 5 4 11 20 1 7
12 2 267 17 2 2 5 4 12 20 1 7
13 2 268 18 3 2 5 4 13 20 1 7
14 2 269 19 4 2 5 4 14 20 1 7
15 2 277 N 0 3 5 4 15 20 1 8
16 2 278 N 1 3 5 4 16 20 1 8
17 2 279 N 2 3 5 4 17 20 1 8
18 2 280 N 3 3 5 4 18 20 1 8
19 2 281 N 4 3 5 4 19 20 1 8
0 2 241 5 0 0 5 4 0 20 1 5
1 2 242 6 1 0 5 4 1 20 1 5
2 2 243 7 2 0 5 4 2 20 1 5
3 2 244 8 3 0 5 4 3 20 1 5
4 2 245 9 4 0 5 4 4 20 1 5
5 2 253 10 0 1 5 4 5 20 1 6
6 2 254 11 1 1 5 4 6 20 1 6
7 2 255 12 2 1 5 4 7 20 1 6
8 2 256 13 3 1 5 4 8 20 1 6
9 2 257 14 4 1 5 4 9 20 1 6
10 2 265 15 0 2 5 4 10 20 1 7
11 2 266 16 1 2 5 4 11 20 1 7
12 2 267 17 2 2 5 4 12 20 1 7
13 2 268 18 3 2 5 4 13 20 1 7
14 2 269 19 4 2 5 4 14 20 1 7
15 2 277 N 0 3 5 4 15 20 1 8
16 2 278 N 1 3 5 4 16 20 1 8
17 2 279 N 2 3 5 4 17 20 1 8
18 2 280 N 3 3 5 4 18 20 1 8
19 2 281 N 4 3 5 4 19 20 1 8
0 2 409 5 0 0 5 4 0 20 2 5
1 2 410 6 1 0 5 4 1 20 2 5
2 2 411 7 2 0 5 4 2 20 2 5
3 2 412 8 3 0 5 4 3 20 2 5
4 2 413 9 4 0 5 4 4 20 2 5
5 2 421 10 0 1 5 4 5 20 2 6
6 2 422 11 1 1 5 4 6 20 2 6
7 2 423 12 2 1 5 4 7 20 2 6
8 2 424 13 3 1 5 4 8 20 2 6
9 2 425 14 4 1 5 4 9 20 2 6
10 2 433 15 0 2 5 4 10 20 2 7
11 2 434 16 1 2 5 4 11 20 2 7
12 2 435 17 2 2 5 4 12 20 2 7
13 2 436 18 3 2 5 4 13 20 2 7
14 2 437 19 4 2 5 4 14 20 2 7
15 2 445 N 0 3 5 4 15 20 2 8
16 2 446 N 1 3 5 4 16 20 2 8
17 2 447 N 2 3 5 4 17 20 2 8
18 2 448 N 3 3 5 4 18 20 2 8
19 2 449 N 4 3 5 4 19 20 2 8
0 2 409 5 0 0 5 4 0 20 2 5
1 2 410 6 1 0 5 4 1 20 2 5
2 2 411 7 2 0 5 4 2 20 2 5
3 2 412 8 3 0 5 4 3 20 2 5
4 2 413 9 4 0 5 4 4 20 2 5
5 2 421 10 0 1 5 4 5 20 2 6
6 2 422 11 1 1 5 4 6 20 2 6
7 2 423 12 2 1 5 4 7 20 2 6
8 2 424 13 3 1 5 4 8 20 2 6
9 2 425 14 4 1 5 4 9 20 2 6
10 2 433 15 0 2 5 4 10 20 2 7
11 2 434 16 1 2 5 4 11 20 2 7
12 2 435 17 2 2 5 4 12 20 2 7
13 2 436 18 3 2 5 4 13 20 2 7
14 2 437 19 4 2 5 4 14 20 2 7
15 2 445 N 0 3 5 4 15 20 2 8
16 2 446 N 1 3 5 4 16 20 2 8
17 2 447 N 2 3 5 4 17 20 2 8
18 2 448 N 3 3 5 4 18 20 2 8
19 2 449 N 4 3 5 4 19 20 2 8
0 2 241 5 0 0 5 4 0 20 1 5
1 2 242 6 1 0 5 4 1 20 1 5
2 2 243 7 2 0 5 4 2 20 1 5
3 2 244 8 3 0 5 4 3 20 1 5
4 2 245 9 4 0 5 4 4 20 1 5
5 2 253 10 0 1 5 4 5 20 1 6
6 2 254 11 1 1 5 4 6 20 1 6
7 2 255 12 2 1 5 4 7 20 1 6
8 2 256 13 3 1 5 4 8 20 1 6
9 2 257 14 4 1 5 4 9 20 1 6
10 2 265 15 0 2 5 4 10 20 1 7
11 2 266 16 1 2 5 4 11 20 1 7
12 2 267 17 2 2 5 4 12 20 1 7
13 2 268 18 3 2 5 4 13 20 1 7
14 2 269 19 4 2 5 4 14 20 1 7
15 2 277 N 0 3 5 4 15 20 1 8
16 2 278 N 1 3 5 4 16 20 1 8
17 2 279 N 2 3 5 4 17 20 1 8
18 2 280 N 3 3 5 4 18 20 1 8
19 2 281 N 4 3 5 4 19 20 1 8
0 2 241 5 0 0 5 4 0 20 1 5
1 2 242 6 1 0 5 4 1 20 1 5
2 2 243 7 2 0 5 4 2 20 1 5
3 2 244 8 3 0 5 4 3 20 1 5
4 2 245 9 4 0 5 4 4 20 1 5
5 2 253 10 0 1 5 4 5 20 1 6
6 2 254 11 1 1 5 4 6 20 1 6
7 2 255 12 2 1 5 4 7 20 1 6
8 2 256 13 3 1 5 4 8 20 1 6
9 2 257 14 4 1 5 4 9 20 1 6
10 2 265 15 0 2 5 4 10 20 1 7
11 2 266 16 1 2 5 4 11 20 1 7
12 2 267 17 2 2 5 4 12 20 1 7
13 2 268 18 3 2 5 4 13 20 1 7
14 2 269 19 4 2 5 4 14 20 1 7
15 2 277 N 0 3 5 4 15 20 1 8
16 2 278 N 1 3 5 4 16 20 1 8
17 2 279 N 2 3 5 4 17 20 1 8
18 2 280 N 3 3 5 4 18 20 1 8
19 2 281 N 4 3 5 4 19 20 1 8
0 2 409 5 0 0 5 4 0 20 2 5
1 2 410 6 1 0 5 4 1 20 2 5
2 2 411 7 2 0 5 4 2 20 2 5
3 2 412 8 3 0 5 4 3 20 2 5
4 2 413 9 4 0 5 4 4 20 2 5
5 2 421 10 0 1 5 4 5 20 2 6
6 2 422 11 1 1 5 4 6 20 2 6
7 2 423 12 2 1 5 4 7 20 2 6
8 2 424 13 3 1 5 4 8 20 2 6
9 2 425 14 4 1 5 4 9 20 2 6
10 2 433 15 0 2 5 4 10 20 2 7
11 2 434 16 1 2 5 4 11 20 2 7
12 2 435 17 2 2 5 4 12 20 2 7
13 2 436 18 3 2 5 4 13 20 2 7
14 2 437 19 4 2 5 4 14 20 2 7
15 2 445 N 0 3 5 4 15 20 2 8
16 2 446 N 1 3 5 4 16 20 2 8
17 2 447 N 2 3 5 4 17 20 2 8
18 2 448 N 3 3 5 4 18 20 2 8
19 2 449 N 4 3 5 4 19 20 2 8
0 2 409 5 0 0 5 4 0 20 2 5
1 2 410 6 1 0 5 4 1 20 2 5
2 2 411 7 2 0 5 4 2 20 2 5
3 2 412 8 3 0 5 4 3 20 2 5
4 2 413 9 4 0 5 4 4 20 2 5
5 2 421 10 0 1 5 4 5 20 2 6
6 2 422 11 1 1 5 4 6 20 2 6
7 2 423 12 2 1 5 4 7 20 2 6
8 2 424 13 3 1 5 4 8 20 2 6
9 2 425 14 4 1 5 4 9 20 2 6
10 2 433 15 0 2 5 4 10 20 2 7
11 2 434 16 1 2 5 4 11 20 2 7
12 2 435 17 2 2 5 4 12 20 2 7
13 2 436 18 3 2 5 4 13 20 2 7
14 2 437 19 4 2 5 4 14 20 2 7
15 2 445 N 0 3 5 4 15 20 2 8
16 2 446 N 1 3 5 4 16 20 2 8
17 2 447 N 2 3 5 4 17 20 2 8
18 2 448 N 3 3 5 4 18 20 2 8
19 2 449 N 4 3 5 4 19 20 2 8
0 3 246 5 0 0 5 4 0 20 1 5
1 3 247 6 1 0 5 4 1 20 1 5
2 3 248 7 2 0 5 4 2 20 1 5
3 3 249 8 3 0 5 4 3 20 1 5
4 3 250 9 4 0 5 4 4 20 1 5
5 3 258 10 0 1 5 4 5 20 1 6
6 3 259 11 1 1 5 4 6 20 1 6
7 3 260 12 2 1 5 4 7 20 1 6
8 3 261 13 3 1 5 4 8 20 1 6
9 3 262 14 4 1 5 4 9 20 1 6
10 3 270 15 0 2 5 4 10 20 1 7
11 3 271 16 1 2 5 4 11 20 1 7
12 3 272 17 2 2 5 4 12 20 1 7
13 3 273 18 3 2 5 4 13 20 1 7
14 3 274 19 4 2 5 4 14 20 1 7
15 3 282 N 0 3 5 4 15 20 1 8
16 3 283 N 1 3 5 4 16 20 1 8
17 3 284 N 2 3 5 4 17 20 1 8
18 3 285 N 3 3 5 4 18 20 1 8
19 3 286 N 4 3 5 4 19 20 1 8
0 3 246 5 0 0 5 4 0 20 1 5
1 3 247 6 1 0 5 4 1 20 1 5
2 3 248 7 2 0 5 4 2 20 1 5
3 3 249 8 3 0 5 4 3 20 1 5
4 3 250 9 4 0 5 4 4 20 1 5
5 3 258 10 0 1 5 4 5 20 1 6
6 3 259 11 1 1 5 4 6 20 1 6
7 3 260 12 2 1 5 4 7 20 1 6
8 3 261 13 3 1 5 4 8 20 1 6
9 3 262 14 4 1 5 4 9 20 1 6
10 3 270 15 0 2 5 4 10 20 1 7
11 3 271 16 1 2 5 4 11 20 1 7
12 3 272 17 2 2 5 4 12 20 1 7
13 3 273 18 3 2 5 4 13 20 1 7
14 3 274 19 4 2 5 4 14 20 1 7
15 3 282 N 0 3 5 4 15 20 1 8
16 3 283 N 1 3 5 4 16 20 1 8
17 3 284 N 2 3 5 4 17 20 1 8
18 3 285 N 3 3 5 4 18 20 1 8
19 3 286 N 4 3 5 4 19 20 1 8
0 3 414 5 0 0 5 4 0 20 2 5
1 3 415 6 1 0 5 4 1 20 2 5
2 3 416 7 2 0 5 4 2 20 2 5
3 3 417 8 3 0 5 4 3 20 2 5
4 3 418 9 4 0 5 4 4 20 2 5
5 3 426 10 0 1 5 4 5 20 2 6
6 3 427 11 1 1 5 4 6 20 2 6
7 3 428 12 2 1 5 4 7 20 2 6
8 3 429 13 3 1 5 4 8 20 2 6
9 3 430 14 4 1 5 4 9 20 2 6
10 3 438 15 0 2 5 4 10 20 2 7
11 3 439 16 1 2 5 4 11 20 2 7
12 3 440 17 2 2 5 4 12 20 2 7
13 3 441 18 3 2 5 4 13 20 2 7
14 3 442 19 4 2 5 4 14 20 2 7
15 3 450 N 0 3 5 4 15 20 2 8
16 3 451 N 1 3 5 4 16 20 2 8
17 3 452 N 2 3 5 4 17 20 2 8
18 3 453 N 3 3 5 4 18 20 2 8
19 3 454 N 4 3 5 4 19 20 2 8
0 3 414 5 0 0 5 4 0 20 2 5
1 3 415 6 1 0 5 4 1 20 2 5
2 3 416 7 2 0 5 4 2 20 2 5
3 3 417 8 3 0 5 4 3 20 2 5
4 3 418 9 4 0 5 4 4 20 2 5
5 3 426 10 0 1 5 4 5 20 2 6
6 3 427 11 1 1 5 4 6 20 2 6
7 3 428 12 2 1 5 4 7 20 2 6
8 3 429 13 3 1 5 4 8 20 2 6
9 3 430 14 4 1 5 4 9 20 2 6
10 3 438 15 0 2 5 4 10 20 2 7
11 3 439 16 1 2 5 4 11 20 2 7
12 3 440 17 2 2 5 4 12 20 2 7
13 3 441 18 3 2 5 4 13 20 2 7
14 3 442 19 4 2 5 4 14 20 2 7
15 3 450 N 0 3 5 4 15 20 2 8
16 3 451 N 1 3 5 4 16 20 2 8
17 3 452 N 2 3 5 4 17 20 2 8
18 3 453 N 3 3 5 4 18 20 2 8
19 3 454 N 4 3 5 4 19 20 2 8
0 3 246 5 0 0 5 4 0 20 1 5
1 3 247 6 1 0 5 4 1 20 1 5
2 3 248 7 2 0 5 4 2 20 1 5
3 3 249 8 3 0 5 4 3 20 1 5
4 3 250 9 4 0 5 4 4 20 1 5
5 3 258 10 0 1 5 4 5 20 1 6
6 3 259 11 1 1 5 4 6 20 1 6
7 3 260 12 2 1 5 4 7 20 1 6
8 3 261 13 3 1 5 4 8 20 1 6
9 3 262 14 4 1 5 4 9 20 1 6
10 3 270 15 0 2 5 4 10 20 1 7
11 3 271 16 1 2 5 4 11 20 1 7
12 3 272 17 2 2 5 4 12 20 1 7
13 3 273 18 3 2 5 4 13 20 1 7
14 3 274 19 4 2 5 4 14 20 1 7
15 3 282 N 0 3 5 4 15 20 1 8
16 3 283 N 1 3 5 4 16 20 1 8
17 3 284 N 2 3 5 4 17 20 1 8
18 3 285 N 3 3 5 4 18 20 1 8
19 3 286 N 4 3 5 4 19 20 1 8
0 3 246 5 0 0 5 4 0 20 1 5
1 3 247 6 1 0 5 4 1 20 1 5
2 3 248 7 2 0 5 4 2 20 1 5
3 3 249 8 3 0 5 4 3 20 1 5
4 3 250 9 4 0 5 4 4 20 1 5
5 3 258 10 0 1 5 4 5 20 1 6
6 3 259 11 1 1 5 4 6 20 1 6
7 3 260 12 2 1 5 4 7 20 1 6
8 3 261 13 3 1 5 4 8 20 1 6
9 3 262 14 4 1 5 4 9 20 1 6
10 3 270 15 0 2 5 4 10 20 1 7
11 3 271 16 1 2 5 4 11 20 1 7
12 3 272 17 2 2 5 4 12 20 1 7
13 3 273 18 3 2 5 4 13 20 1 7
14 3 274 19 4 2 5 4 14 20 1 7
15 3 282 N 0 3 5 4 15 20 1 8
16 3 283 N 1 3 5 4 16 20 1 8
17 3 284 N 2 3 5 4 17 20 1 8
18 3 285 N 3 3 5 4 18 20 1 8
19 3 286 N 4 3 5 4 19 20 1 8
0 3 414 5 0 0 5 4 0 20 2 5
1 3 415 6 1 0 5 4 1 20 2 5
2 3 416 7 2 0 5 4 2 20 2 5
3 3 417 8 3 0 5 4 3 20 2 5
4 3 418 9 4 0 5 4 4 20 2 5
5 3 426 10 0 1 5 4 5 20 2 6
6 3 427 11 1 1 5 4 6 20 2 6
7 3 428 12 2 1 5 4 7 20 2 6
8 3 429 13 3 1 5 4 8 20 2 6
9 3 430 14 4 1 5 4 9 20 2 6
10 3 438 15 0 2 5 4 10 20 2 7
11 3 439 16 1 2 5 4 11 20 2 7
12 3 440 17 2 2 5 4 12 20 2 7
13 3 441 18 3 2 5 4 13 20 2 7
14 3 442 19 4 2 5 4 14 20 2 7
15 3 450 N 0 3 5 4 15 20 2 8
16 3 451 N 1 3 5 4 16 20 2 8
17 3 452 N 2 3 5 4 17 20 2 8
18 3 453 N 3 3 5 4 18 20 2 8
19 3 454 N 4 3 5 4 19 20 2 8
0 3 414 5 0 0 5 4 0 20 2 5
1 3 415 6 1 0 5 4 1 20 2 5
2 3 416 7 2 0 5 4 2 20 2 5
3 3 417 8 3 0 5 4 3 20 2 5
4 3 418 9 4 0 5 4 4 20 2 5
5 3 426 10 0 1 5 4 5 20 2 6
6 3 427 11 1 1 5 4 6 20 2 6
7 3 428 12 2 1 5 4 7 20 2 6
8 3 429 13 3 1 5 4 8 20 2 6
9 3 430 14 4 1 5 4 9 20 2 6
10 3 438 15 0 2 5 4 10 20 2 7
11 3 439 16 1 2 5 4 11 20 2 7
12 3 440 17 2 2 5 4 12 20 2 7
13 3 441 18 3 2 5 4 13 20 2 7
14 3 442 19 4 2 5 4 14 20 2 7
15 3 450 N 0 3 5 4 15 20 2 8
16 3 451 N 1 3 5 4 16 20 2 8
17 3 452 N 2 3 5 4 17 20 2 8
18 3 453 N 3 3 5 4 18 20 2 8
19 3 454 N 4 3 5 4 19 20 2 8
0 3 246 5 0 0 5 4 0 20 1 5
1 3 247 6 1 0 5 4 1 20 1 5
2 3 248 7 2 0 5 4 2 20 1 5
3 3 249 8 3 0 5 4 3 20 1 5
4 3 250 9 4 0 5 4 4 20 1 5
5 3 258 10 0 1 5 4 5 20 1 6
6 3 259 11 1 1 5 4 6 20 1 6
7 3 260 12 2 1 5 4 7 20 1 6
8 3 261 13 3 1 5 4 8 20 1 6
9 3 262 14 4 1 5 4 9 20 1 6
10 3 270 15 0 2 5 4 10 20 1 7
11 3 271 16 1 2 5 4 11 20 1 7
12 3 272 17 2 2 5 4 12 20 1 7
13 3 273 18 3 2 5 4 13 20 1 7
14 3 274 19 4 2 5 4 14 20 1 7
15 3 282 N 0 3 5 4 15 20 1 8
16 3 283 N 1 3 5 4 16 20 1 8
17 3 284 N 2 3 5 4 17 20 1 8
18 3 285 N 3 3 5 4 18 20 1 8
19 3 286 N 4 3 5 4 19 20 1 8
0 3 246 5 0 0 5 4 0 20 1 5
1 3 247 6 1 0 5 4 1 20 1 5
2 3 248 7 2 0 5 4 2 20 1 5
3 3 249 8 3 0 5 4 3 20 1 5
4 3 250 9 4 0 5 4 4 20 1 5
5 3 258 10 0 1 5 4 5 20 1 6
6 3 259 11 1 1 5 4 6 20 1 6
7 3 260 12 2 1 5 4 7 20 1 6
8 3 261 13 3 1 5 4 8 20 1 6
9 3 262 14 4 1 5 4 9 20 1 6
10 3 270 15 0 2 5 4 10 20 1 7
11 3 271 16 1 2 5 4 11 20 1 7
12 3 272 17 2 2 5 4 12 20 1 7
13 3 273 18 3 2 5 4 13 20 1 7
14 3 274 19 4 2 5 4 14 20 1 7
15 3 282 N 0 3 5 4 15 20 1 8
16 3 283 N 1 3 5 4 16 20 1 8
17 3 284 N 2 3 5 4 17 20 1 8
18 3 285 N 3 3 5 4 18 20 1 8
19 3 286 N 4 3 5 4 19 20 1 8
0 3 414 5 0 0 5 4 0 20 2 5
1 3 415 6 1 0 5 4 1 20 2 5
2 3 416 7 2 0 5 4 2 20 2 5
3 3 417 8 3 0 5 4 3 20 2 5
4 3 418 9 4 0 5 4 4 20 2 5
5 3 426 10 0 1 5 4 5 20 2 6
6 3 427 11 1 1 5 4 6 20 2 6
7 3 428 12 2 1 5 4 7 20 2 6
8 3 429 13 3 1 5 4 8 20 2 6
9 3 430 14 4 1 5 4 9 20 2 6
10 3 438 15 0 2 5 4 10 20 2 7
11 3 439 16 1 2 5 4 11 20 2 7
12 3 440 17 2 2 5 4 12 20 2 7
13 3 441 18 3 2 5 4 13 20 2 7
14 3 442 19 4 2 5 4 14 20 2 7
15 3 450 N 0 3 5 4 15 20 2 8
16 3 451 N 1 3 5 4 16 20 2 8
17 3 452 N 2 3 5 4 17 20 2 8
18 3 453 N 3 3 5 4 18 20 2 8
19 3 454 N 4 3 5 4 19 20 2 8
0 3 414 5 0 0 5 4 0 20 2 5
1 3 415 6 1 0 5 4 1 20 2 5
2 3 416 7 2 0 5 4 2 20 2 5
3 3 417 8 3 0 5 4 3 20 2 5
4 3 418 9 4 0 5 4 4 20 2 5
5 3 426 10 0 1 5 4 5 20 2 6
6 3 427 11 1 1 5 4 6 20 2 6
7 3 428 12 2 1 5 4 7 20 2 6
8 3 429 13 3 1 5 4 8 20 2 6
9 3 430 14 4 1 5 4 9 20 2 6
10 3 438 15 0 2 5 4 10 20 2 7
11 3 439 16 1 2 5 4 11 20 2 7
12 3 440 17 2 2 5 4 12 20 2 7
13 3 441 18 3 2 5 4 13 20 2 7
14 3 442 19 4 2 5 4 14 20 2 7
15 3 450 N 0 3 5 4 15 20 2 8
16 3 451 N 1 3 5 4 16 20 2 8
17 3 452 N 2 3 5 4 17 20 2 8
18 3 453 N 3 3 5 4 18 20 2 8
19 3 454 N 4 3 5 4 19 20 2 8
0 4 289 5 0 0 5 4 0 20 1 9
1 4 290 6 1 0 5 4 1 20 1 9
2 4 291 7 2 0 5 4 2 20 1 9
3 4 292 8 3 0 5 4 3 20 1 9
4 4 293 9 4 0 5 4 4 20 1 9
5 4 301 10 0 1 5 4 5 20 1 10
6 4 302 11 1 1 5 4 6 20 1 10
7 4 303 12 2 1 5 4 7 20 1 10
8 4 304 13 3 1 5 4 8 20 1 10
9 4 305 14 4 1 5 4 9 20 1 10
10 4 313 15 0 2 5 4 10 20 1 11
11 4 314 16 1 2 5 4 11 20 1 11
12 4 315 17 2 2 5 4 12 20 1 11
13 4 316 18 3 2 5 4 13 20 1 11
14 4 317 19 4 2 5 4 14 20 1 11
15 4 325 N 0 3 5 4 15 20 1 12
16 4 326 N 1 3 5 4 16 20 1 12
17 4 327 N 2 3 5 4 17 20 1 12
18 4 328 N 3 3 5 4 18 20 1 12
19 4 329 N 4 3 5 4 19 20 1 12
0 4 289 5 0 0 5 4 0 20 1 9
1 4 290 6 1 0 5 4 1 20 1 9
2 4 291 7 2 0 5 4 2 20 1 9
3 4 292 8 3 0 5 4 3 20 1 9
4 4 293 9 4 0 5 4 4 20 1 9
5 4 301 10 0 1 5 4 5 20 1 10
6 4 302 11 1 1 5 4 6 20 1 10
7 4 303 12 2 1 5 4 7 20 1 10
8 4 304 13 3 1 5 4 8 20 1 10
9 4 305 14 4 1 5 4 9 20 1 10
10 4 313 15 0 2 5 4 10 20 1 11
11 4 314 16 1 2 5 4 11 20 1 11
12 4 315 17 2 2 5 4 12 20 1 11
13 4 316 18 3 2 5 4 13 20 1 11
14 4 317 19 4 2 5 4 14 20 1 11
15 4 325 N 0 3 5 4 15 20 1 12
16 4 326 N 1 3 5 4 16 20 1 12
17 4 327 N 2 3 5 4 17 20 1 12
18 4 328 N 3 3 5 4 18 20 1 12
19 4 329 N 4 3 5 4 19 20 1 12
0 4 457 5 0 0 5 4 0 20 2 9
1 4 458 6 1 0 5 4 1 20 2 9
2 4 459 7 2 0 5 4 2 20 2 9
3 4 460 8 3 0 5 4 3 20 2 9
4 4 461 9 4 0 5 4 4 20 2 9
5 4 469 10 0 1 5 4 5 20 2 10
6 4 470 11 1 1 5 4 6 20 2 10
7 4 471 12 2 1 5 4 7 20 2 10
8 4 472 13 3 1 5 4 8 20 2 10
9 4 473 14 4 1 5 4 9 20 2 10
10 4 481 15 0 2 5 4 10 20 2 11
11 4 482 16 1 2 5 4 11 20 2 11
12 4 483 17 2 2 5 4 12 20 2 11
13 4 484 18 3 2 5 4 13 20 2 11
14 4 485 19 4 2 5 4 14 20 2 11
15 4 493 N 0 3 5 4 15 20 2 12
16 4 494 N 1 3 5 4 16 20 2 12
17 4 495 N 2 3 5 4 17 20 2 12
18 4 496 N 3 3 5 4 18 20 2 12
19 4 497 N 4 3 5 4 19 20 2 12
0 4 457 5 0 0 5 4 0 20 2 9
1 4 458 6 1 0 5 4 1 20 2 9
2 4 459 7 2 0 5 4 2 20 2 9
3 4 460 8 3 0 5 4 3 20 2 9
4 4 461 9 4 0 5 4 4 20 2 9
5 4 469 10 0 1 5 4 5 20 2 10
6 4 470 11 1 1 5 4 6 20 2 10
7 4 471 12 2 1 5 4 7 20 2 10
8 4 472 13 3 1 5 4 8 20 2 10
9 4 473 14 4 1 5 4 9 20 2 10
10 4 481 15 0 2 5 4 10 20 2 11
11 4 482 16 1 2 5 4 11 20 2 11
12 4 483 17 2 2 5 4 12 20 2 11
13 4 484 18 3 2 5 4 13 20 2 11
14 4 485 19 4 2 5 4 14 20 2 11
15 4 493 N 0 3 5 4 15 20 2 12
16 4 494 N 1 3 5 4 16 20 2 12
17 4 495 N 2 3 5 4 17 20 2 12
18 4 496 N 3 3 5 4 18 20 2 12
19 4 497 N 4 3 5 4 19 20 2 12
0 4 289 5 0 0 5 4 0 20 1 9
1 4 290 6 1 0 5 4 1 20 1 9
2 4 291 7 2 0 5 4 2 20 1 9
3 4 292 8 3 0 5 4 3 20 1 9
4 4 293 9 4 0 5 4 4 20 1 9
5 4 301 10 0 1 5 4 5 20 1 10
6 4 302 11 1 1 5 4 6 20 1 10
7 4 303 12 2 1 5 4 7 20 1 10
8 4 304 13 3 1 5 4 8 20 1 10
9 4 305 14 4 1 5 4 9 20 1 10
10 4 313 15 0 2 5 4 10 20 1 11
11 4 314 16 1 2 5 4 11 20 1 11
12 4 315 17 2 2 5 4 12 20 1 11
13 4 316 18 3 2 5 4 13 20 1 11
14 4 317 19 4 2 5 4 14 20 1 11
15 4 325 N 0 3 5 4 15 20 1 12
16 4 326 N 1 3 5 4 16 20 1 12
17 4 327 N 2 3 5 4 17 20 1 12
18 4 328 N 3 3 5 4 18 20 1 12
19 4 329 N 4 3 5 4 19 20 1 12
0 4 289 5 0 0 5 4 0 20 1 9
1 4 290 6 1 0 5 4 1 20 1 9
2 4 291 7 2 0 5 4 2 20 1 9
3 4 292 8 3 0 5 4 3 20 1 9
4 4 293 9 4 0 5 4 4 20 1 9
5 4 301 10 0 1 5 4 5 20 1 10
6 4 302 11 1 1 5 4 6 20 1 10
7 4 303 12 2 1 5 4 7 20 1 10
8 4 304 13 3 1 5 4 8 20 1 10
9 4 305 14 4 1 5 4 9 20 1 10
10 4 313 15 0 2 5 4 10 20 1 11
11 4 314 16 1 2 5 4 11 20 1 11
12 4 315 17 2 2 5 4 12 20 1 11
13 4 316 18 3 2 5 4 13 20 1 11
14 4 317 19 4 2 5 4 14 20 1 11
15 4 325 N 0 3 5 4 15 20 1 12
16 4 326 N 1 3 5 4 16 20 1 12
17 4 327 N 2 3 5 4 17 20 1 12
18 4 328 N 3 3 5 4 18 20 1 12
19 4 329 N 4 3 5 4 19 20 1 12
0 4 457 5 0 0 5 4 0 20 2 9
1 4 458 6 1 0 5 4 1 20 2 9
2 4 459 7 2 0 5 4 2 20 2 9
3 4 460 8 3 0 5 4 3 20 2 9
4 4 461 9 4 0 5 4 4 20 2 9
5 4 469 10 0 1 5 4 5 20 2 10
6 4 470 11 1 1 5 4 6 20 2 10
7 4 471 12 2 1 5 4 7 20 2 10
8 4 472 13 3 1 5 4 8 20 2 10
9 4 473 14 4 1 5 4 9 20 2 10
10 4 481 15 0 2 5 4 10 20 2 11
11 4 482 16 1 2 5 4 11 20 2 11
12 4 483 17 2 2 5 4 12 20 2 11
13 4 484 18 3 2 5 4 13 20 2 11
14 4 485 19 4 2 5 4 14 20 2 11
15 4 493 N 0 3 5 4 15 20 2 12
16 4 494 N 1 3 5 4 16 20 2 12
17 4 495 N 2 3 5 4 17 20 2 12
18 4 496 N 3 3 5 4 18 20 2 12
19 4 497 N 4 3 5 4 19 20 2 12
0 4 457 5 0 0 5 4 0 20 2 9
1 4 458 6 1 0 5 4 1 20 2 9
2 4 459 7 2 0 5 4 2 20 2 9
3 4 460 8 3 0 5 4 3 20 2 9
4 4 461 9 4 0 5 4 4 20 2 9
5 4 469 10 0 1 5 4 5 20 2 10
6 4 470 11 1 1 5 4 6 20 2 10
7 4 471 12 2 1 5 4 7 20 2 10
8 4 472 13 3 1 5 4 8 20 2 10
9 4 473 14 4 1 5 4 9 20 2 10
10 4 481 15 0 2 5 4 10 20 2 11
11 4 482 16 1 2 5 4 11 20 2 11
12 4 483 17 2 2 5 4 12 20 2 11
13 4 484 18 3 2 5 4 13 20 2 11
14 4 485 19 4 2 5 4 14 20 2 11
15 4 493 N 0 3 5 4 15 20 2 12
16 4 494 N 1 3 5 4 16 20 2 12
17 4 495 N 2 3 5 4 17 20 2 12
18 4 496 N 3 3 5 4 18 20 2 12
19 4 497 N 4 3 5 4 19 20 2 12
0 4 289 5 0 0 5 4 0 20 1 9
1 4 290 6 1 0 5 4 1 20 1 9
2 4 291 7 2 0 5 4 2 20 1 9
3 4 292 8 3 0 5 4 3 20 1 9
4 4 293 9 4 0 5 4 4 20 1 9
5 4 301 10 0 1 5 4 5 20 1 10
6 4 302 11 1 1 5 4 6 20 1 10
7 4 303 12 2 1 5 4 7 20 1 10
8 4 304 13 3 1 5 4 8 20 1 10
9 4 305 14 4 1 5 4 9 20 1 10
10 4 313 15 0 2 5 4 10 20 1 11
11 4 314 16 1 2 5 4 11 20 1 11
12 4 315 17 2 2 5 4 12 20 1 11
13 4 316 18 3 2 5 4 13 20 1 11
14 4 317 19 4 2 5 4 14 20 1 11
15 4 325 N 0 3 5 4 15 20 1 12
16 4 326 N 1 3 5 4 16 20 1 12
17 4 327 N 2 3 5 4 17 20 1 12
18 4 328 N 3 3 5 4 18 20 1 12
19 4 329 N 4 3 5 4 19 20 1 12
0 4 289 5 0 0 5 4 0 20 1 9
1 4 290 6 1 0 5 4 1 20 1 9
2 4 291 7 2 0 5 4 2 20 1 9
3 4 292 8 3 0 5 4 3 20 1 9
4 4 293 9 4 0 5 4 4 20 1 9
5 4 301 10 0 1 5 4 5 20 1 10
6 4 302 11 1 1 5 4 6 20 1 10
7 4 303 12 2 1 5 4 7 20 1 10
8 4 304 13 3 1 5 4 8 20 1 10
9 4 305 14 4 1 5 4 9 20 1 10
10 4 313 15 0 2 5 4 10 20 1 11
11 4 314 16 1 2 5 4 11 20 1 11
12 4 315 17 2 2 5 4 12 20 1 11
13 4 316 18 3 2 5 4 13 20 1 11
14 4 317 19 4 2 5 4 14 20 1 11
15 4 325 N 0 3 5 4 15 20 1 12
16 4 326 N 1 3 5 4 16 20 1 12
17 4 327 N 2 3 5 4 17 20 1 12
18 4 328 N 3 3 5 4 18 20 1 12
19 4 329 N 4 3 5 4 19 20 1 12
0 4 457 5 0 0 5 4 0 20 2 9
1 4 458 6 1 0 5 4 1 20 2 9
2 4 459 7 2 0 5 4 2 20 2 9
3 4 460 8 3 0 5 4 3 20 2 9
4 4 461 9 4 0 5 4 4 20 2 9
5 4 469 10 0 1 5 4 5 20 2 10
6 4 470 11 1 1 5 4 6 20 2 10
7 4 471 12 2 1 5 4 7 20 2 10
8 4 472 13 3 1 5 4 8 20 2 10
9 4 473 14 4 1 5 4 9 20 2 10
10 4 481 15 0 2 5 4 10 20 2 11
11 4 482 16 1 2 5 4 11 20 2 11
12 4 483 17 2 2 5 4 12 20 2 11
13 4 484 18 3 2 5 4 13 20 2 11
14 4 485 19 4 2 5 4 14 20 2 11
15 4 493 N 0 3 5 4 15 20 2 12
16 4 494 N 1 3 5 4 16 20 2 12
17 4 495 N 2 3 5 4 17 20 2 12
18 4 496 N 3 3 5 4 18 20 2 12
19 4 497 N 4 3 5 4 19 20 2 12
0 4 457 5 0 0 5 4 0 20 2 9
1 4 458 6 1 0 5 4 1 20 2 9
2 4 459 7 2 0 5 4 2 20 2 9
3 4 460 8 3 0 5 4 3 20 2 9
4 4 461 9 4 0 5 4 4 20 2 9
5 4 469 10 0 1 5 4 5 20 2 10
6 4 470 11 1 1 5 4 6 20 2 10
7 4 471 12 2 1 5 4 7 20 2 10
8 4 472 13 3 1 5 4 8 20 2 10
9 4 473 14 4 1 5 4 9 20 2 10
10 4 481 15 0 2 5 4 10 20 2 11
11 4 482 16 1 2 5 4 11 20 2 11
12 4 483 17 2 2 5 4 12 20 2 11
13 4 484 18 3 2 5 4 13 20 2 11
14 4 485 19 4 2 5 4 14 20 2 11
15 4 493 N 0 3 5 4 15 20 2 12
16 4 494 N 1 3 5 4 16 20 2 12
17 4 495 N 2 3 5 4 17 20 2 12
18 4 496 N 3 3 5 4 18 20 2 12
19 4 497 N 4 3 5 4 19 20 2 12
0 5 294 5 0 0 5 4 0 20 1 9
1 5 295 6 1 0 5 4 1 20 1 9
2 5 296 7 2 0 5 4 2 20 1 9
3 5 297 8 3 0 5 4 3 20 1 9
4 5 298 9 4 0 5 4 4 20 1 9
5 5 306 10 0 1 5 4 5 20 1 10
6 5 307 11 1 1 5 4 6 20 1 10
7 5 308 12 2 1 5 4 7 20 1 10
8 5 309 13 3 1 5 4 8 20 1 10
9 5 310 14 4 1 5 4 9 20 1 10
10 5 318 15 0 2 5 4 10 20 1 11
11 5 319 16 1 2 5 4 11 20 1 11
12 5 320 17 2 2 5 4 12 20 1 11
13 5 321 18 3 2 5 4 13 20 1 11
14 5 322 19 4 2 5 4 14 20 1 11
15 5 330 N 0 3 5 4 15 20 1 12
16 5 331 N 1 3 5 4 16 20 1 12
17 5 332 N 2 3 5 4 17 20 1 12
18 5 333 N 3 3 5 4 18 20 1 12
19 5 334 N 4 3 5 4 19 20 1 12
0 5 294 5 0 0 5 4 0 20 1 9
1 5 295 6 1 0 5 4 1 20 1 9
2 5 296 7 2 0 5 4 2 20 1 9
3 5 297 8 3 0 5 4 3 20 1 9
4 5 298 9 4 0 5 4 4 20 1 9
5 5 306 10 0 1 5 4 5 20 1 10
6 5 307 11 1 1 5 4 6 20 1 10
7 5 308 12 2 1 5 4 7 20 1 10
8 5 309 13 3 1 5 4 8 20 1 10
9 5 310 14 4 1 5 4 9 20 1 10
10 5 318 15 0 2 5 4 10 20 1 11
11 5 319 16 1 2 5 4 11 20 1 11
12 5 320 17 2 2 5 4 12 20 1 11
13 5 321 18 3 2 5 4 13 20 1 11
14 5 322 19 4 2 5 4 14 20 1 11
15 5 330 N 0 3 5 4 15 20 1 12
16 5 331 N 1 3 5 4 16 20 1 12
17 5 332 N 2 3 5 4 17 20 1 12
18 5 333 N 3 3 5 4 18 20 1 12
19 5 334 N 4 3 5 4 19 20 1 12
0 5 462 5 0 0 5 4 0 20 2 9
1 5 463 6 1 0 5 4 1 20 2 9
2 5 464 7 2 0 5 4 2 20 2 9
3 5 465 8 3 0 5 4 3 20 2 9
4 5 466 9 4 0 5 4 4 20 2 9
5 5 474 10 0 1 5 4 5 20 2 10
6 5 475 11 1 1 5 4 6 20 2 10
7 5 476 12 2 1 5 4 7 20 2 10
8 5 477 13 3 1 5 4 8 20 2 10
9 5 478 14 4 1 5 4 9 20 2 10
10 5 486 15 0 2 5 4 10 20 2 11
11 5 487 16 1 2 5 4 11 20 2 11
12 5 488 17 2 2 5 4 12 20 2 11
13 5 489 18 3 2 5 4 13 20 2 11
14 5 490 19 4 2 5 4 14 20 2 11
15 5 498 N 0 3 5 4 15 20 2 12
16 5 499 N 1 3 5 4 16 20 2 12
17 5 500 N 2 3 5 4 17 20 2 12
18 5 501 N 3 3 5 4 18 20 2 12
19 5 502 N 4 3 5 4 19 20 2 12
0 5 462 5 0 0 5 4 0 20 2 9
1 5 463 6 1 0 5 4 1 20 2 9
2 5 464 7 2 0 5 4 2 20 2 9
3 5 465 8 3 0 5 4 3 20 2 9
4 5 466 9 4 0 5 4 4 20 2 9
5 5 474 10 0 1 5 4 5 20 2 10
6 5 475 11 1 1 5 4 6 20 2 10
7 5 476 12 2 1 5 4 7 20 2 10
8 5 477 13 3 1 5 4 8 20 2 10
9 5 478 14 4 1 5 4 9 20 2 10
10 5 486 15 0 2 5 4 10 20 2 11
11 5 487 16 1 2 5 4 11 20 2 11
12 5 488 17 2 2 5 4 12 20 2 11
13 5 489 18 3 2 5 4 13 20 2 11
14 5 490 19 4 2 5 4 14 20 2 11
15 5 498 N 0 3 5 4 15 20 2 12
16 5 499 N 1 3 5 4 16 20 2 12
17 5 500 N 2 3 5 4 17 20 2 12
18 5 501 N 3 3 5 4 18 20 2 12
19 5 502 N 4 3 5 4 19 20 2 12
0 5 294 5 0 0 5 4 0 20 1 9
1 5 295 6 1 0 5 4 1 20 1 9
2 5 296 7 2 0 5 4 2 20 1 9
3 5 297 8 3 0 5 4 3 20 1 9
4 5 298 9 4 0 5 4 4 20 1 9
5 5 306 10 0 1 5 4 5 20 1 10
6 5 307 11 1 1 5 4 6 20 1 10
7 5 308 12 2 1 5 4 7 20 1 10
8 5 309 13 3 1 5 4 8 20 1 10
9 5 310 14 4 1 5 4 9 20 1 10
10 5 318 15 0 2 5 4 10 20 1 11
11 5 319 16 1 2 5 4 11 20 1 11
12 5 320 17 2 2 5 4 12 20 1 11
13 5 321 18 3 2 5 4 13 20 1 11
14 5 322 19 4 2 5 4 14 20 1 11
15 5 330 N 0 3 5 4 15 20 1 12
16 5 331 N 1 3 5 4 16 20 1 12
17 5 332 N 2 3 5 4 17 20 1 12
18 5 333 N 3 3 5 4 18 20 1 12
19 5 334 N 4 3 5 4 19 20 1 12
0 5 294 5 0 0 5 4 0 20 1 9
1 5 295 6 1 0 5 4 1 20 1 9
2 5 296 7 2 0 5 4 2 20 1 9
3 5 297 8 3 0 5 4 3 20 1 9
4 5 298 9 4 0 5 4 4 20 1 9
5 5 306 10 0 1 5 4 5 20 1 10
6 5 307 11 1 1 5 4 6 20 1 10
7 5 308 12 2 1 5 4 7 20 1 10
8 5 309 13 3 1 5 4 8 20 1 10
9 5 310 14 4 1 5 4 9 20 1 10
10 5 318 15 0 2 5 4 10 20 1 11
11 5 319 16 1 2 5 4 11 20 1 11
12 5 320 17 2 2 5 4 12 20 1 11
13 5 321 18 3 2 5 4 13 20 1 11
14 5 322 19 4 2 5 4 14 20 1 11
15 5 330 N 0 3 5 4 15 20 1 12
16 5 331 N 1 3 5 4 16 20 1 12
17 5 332 N 2 3 5 4 17 20 1 12
18 5 333 N 3 3 5 4 18 20 1 12
19 5 334 N 4 3 5 4 19 20 1 12
0 5 462 5 0 0 5 4 0 20 2 9
1 5 463 6 1 0 5 4 1 20 2 9
2 5 464 7 2 0 5 4 2 20 2 9
3 5 465 8 3 0 5 4 3 20 2 9
4 5 466 9 4 0 5 4 4 20 2 9
5 5 474 10 0 1 5 4 5 20 2 10
6 5 475 11 1 1 5 4 6 20 2 10
7 5 476 12 2 1 5 4 7 20 2 10
8 5 477 13 3 1 5 4 8 20 2 10
9 5 478 14 4 1 5 4 9 20 2 10
10 5 486 15 0 2 5 4 10 20 2 11
11 5 487 16 1 2 5 4 11 20 2 11
12 5 488 17 2 2 5 4 12 20 2 11
13 5 489 18 3 2 5 4 13 20 2 11
14 5 490 19 4 2 5 4 14 20 2 11
15 5 498 N 0 3 5 4 15 20 2 12
16 5 499 N 1 3 5 4 16 20 2 12
17 5 500 N 2 3 5 4 17 20 2 12
18 5 501 N 3 3 5 4 18 20 2 12
19 5 502 N 4 3 5 4 19 20 2 12
0 5 462 5 0 0 5 4 0 20 2 9
1 5 463 6 1 0 5 4 1 20 2 9
2 5 464 7 2 0 5 4 2 20 2 9
3 5 465 8 3 0 5 4 3 20 2 9
4 5 466 9 4 0 5 4 4 20 2 9
5 5 474 10 0 1 5 4 5 20 2 10
6 5 475 11 1 1 5 4 6 20 2 10
7 5 476 12 2 1 5 4 7 20 2 10
8 5 477 13 3 1 5 4 8 20 2 10
9 5 478 14 4 1 5 4 9 20 2 10
10 5 486 15 0 2 5 4 10 20 2 11
11 5 487 16 1 2 5 4 11 20 2 11
12 5 488 17 2 2 5 4 12 20 2 11
13 5 489 18 3 2 5 4 13 20 2 11
14 5 490 19 4 2 5 4 14 20 2 11
15 5 498 N 0 3 5 4 15 20 2 12
16 5 499 N 1 3 5 4 16 20 2 12
17 5 500 N 2 3 5 4 17 20 2 12
18 5 501 N 3 3 5 4 18 20 2 12
19 5 502 N 4 3 5 4 19 20 2 12
0 5 294 5 0 0 5 4 0 20 1 9
1 5 295 6 1 0 5 4 1 20 1 9
2 5 296 7 2 0 5 4 2 20 1 9
3 5 297 8 3 0 5 4 3 20 1 9
4 5 298 9 4 0 5 4 4 20 1 9
5 5 306 10 0 1 5 4 5 20 1 10
6 5 307 11 1 1 5 4 6 20 1 10
7 5 308 12 2 1 5 4 7 20 1 10
8 5 309 13 3 1 5 4 8 20 1 10
9 5 310 14 4 1 5 4 9 20 1 10
10 5 318 15 0 2 5 4 10 20 1 11
11 5 319 16 1 2 5 4 11 20 1 11
12 5 320 17 2 2 5 4 12 20 1 11
13 5 321 18 3 2 5 4 13 20 1 11
14 5 322 19 4 2 5 4 14 20 1 11
15 5 330 N 0 3 5 4 15 20 1 12
16 5 331 N 1 3 5 4 16 20 1 12
17 5 332 N 2 3 5 4 17 20 1 12
18 5 333 N 3 3 5 4 18 20 1 12
19 5 334 N 4 3 5 4 19 20 1 12
0 5 294 5 0 0 5 4 0 20 1 9
1 5 295 6 1 0 5 4 1 20 1 9
2 5 296 7 2 0 5 4 2 20 1 9
3 5 297 8 3 0 5 4 3 20 1 9
4 5 298 9 4 0 5 4 4 20 1 9
5 5 306 10 0 1 5 4 5 20 1 10
6 5 307 11 1 1 5 4 6 20 1 10
7 5 308 12 2 1 5 4 7 20 1 10
8 5 309 13 3 1 5 4 8 20 1 10
9 5 310 14 4 1 5 4 9 20 1 10
10 5 318 15 0 2 5 4 10 20 1 11
11 5 319 16 1 2 5 4 11 20 1 11
12 5 320 17 2 2 5 4 12 20 1 11
13 5 321 18 3 2 5 4 13 20 1 11
14 5 322 19 4 2 5 4 14 20 1 11
15 5 330 N 0 3 5 4 15 20 1 12
16 5 331 N 1 3 5 4 16 20 1 12
17 5 332 N 2 3 5 4 17 20 1 12
18 5 333 N 3 3 5 4 18 20 1 12
19 5 334 N 4 3 5 4 19 20 1 12
0 5 462 5 0 0 5 4 0 20 2 9
1 5 463 6 1 0 5 4 1 20 2 9
2 5 464 7 2 0 5 4 2 20 2 9
3 5 465 8 3 0 5 4 3 20 2 9
4 5 466 9 4 0 5 4 4 20 2 9
5 5 474 10 0 1 5 4 5 20 2 10
6 5 475 11 1 1 5 4 6 20 2 10
7 5 476 12 2 1 5 4 7 20 2 10
8 5 477 13 3 1 5 4 8 20 2 10
9 5 478 14 4 1 5 4 9 20 2 10
10 5 486 15 0 2 5 4 10 20 2 11
11 5 487 16 1 2 5 4 11 20 2 11
12 5 488 17 2 2 5 4 12 20 2 11
13 5 489 18 3 2 5 4 13 20 2 11
14 5 490 19 4 2 5 4 14 20 2 11
15 5 498 N 0 3 5 4 15 20 2 12
16 5 499 N 1 3 5 4 16 20 2 12
17 5 500 N 2 3 5 4 17 20 2 12
18 5 501 N 3 3 5 4 18 20 2 12
19 5 502 N 4 3 5 4 19 20 2 12
0 5 462 5 0 0 5 4 0 20 2 9
1 5 463 6 1 0 5 4 1 20 2 9
2 5 464 7 2 0 5 4 2 20 2 9
3 5 465 8 3 0 5 4 3 20 2 9
4 5 466 9 4 0 5 4 4 20 2 9
5 5 474 10 0 1 5 4 5 20 2 10
6 5 475 11 1 1 5 4 6 20 2 10
7 5 476 12 2 1 5 4 7 20 2 10
8 5 477 13 3 1 5 4 8 20 2 10
9 5 478 14 4 1 5 4 9 20 2 10
10 5 486 15 0 2 5 4 10 20 2 11
11 5 487 16 1 2 5 4 11 20 2 11
12 5 488 17 2 2 5 4 12 20 2 11
13 5 489 18 3 2 5 4 13 20 2 11
14 5 490 19 4 2 5 4 14 20 2 11
15 5 498 N 0 3 5 4 15 20 2 12
16 5 499 N 1 3 5 4 16 20 2 12
17 5 500 N 2 3 5 4 17 20 2 12
18 5 501 N 3 3 5 4 18 20 2 12
19 5 502 N 4 3 5 4 19 20 2 12
