0 0 182 1 0 0 5 4 0 20 1 1
1 0 183 2 1 0 5 4 1 20 1 1
2 0 184 3 2 0 5 4 2 20 1 1
3 0 185 4 3 0 5 4 3 20 1 1
4 0 186 N 4 0 5 4 4 20 1 1
5 0 194 6 0 1 5 4 5 20 1 2
6 0 195 7 1 1 5 4 6 20 1 2
7 0 196 8 2 1 5 4 7 20 1 2
8 0 197 9 3 1 5 4 8 20 1 2
9 0 198 N 4 1 5 4 9 20 1 2
10 0 206 11 0 2 5 4 10 20 1 3
11 0 207 12 1 2 5 4 11 20 1 3
12 0 208 13 2 2 5 4 12 20 1 3
13 0 209 14 3 2 5 4 13 20 1 3
14 0 210 N 4 2 5 4 14 20 1 3
15 0 218 16 0 3 5 4 15 20 1 4
16 0 219 17 1 3 5 4 16 20 1 4
17 0 220 18 2 3 5 4 17 20 1 4
18 0 221 19 3 3 5 4 18 20 1 4
19 0 222 N 4 3 5 4 19 20 1 4
0 0 182 1 0 0 5 4 0 20 1 1
1 0 183 2 1 0 5 4 1 20 1 1
2 0 184 3 2 0 5 4 2 20 1 1
3 0 185 4 3 0 5 4 3 20 1 1
4 0 186 N 4 0 5 4 4 20 1 1
5 0 194 6 0 1 5 4 5 20 1 2
6 0 195 7 1 1 5 4 6 20 1 2
7 0 196 8 2 1 5 4 7 20 1 2
8 0 197 9 3 1 5 4 8 20 1 2
9 0 198 N 4 1 5 4 9 20 1 2
10 0 206 11 0 2 5 4 10 20 1 3
11 0 207 12 1 2 5 4 11 20 1 3
12 0 208 13 2 2 5 4 12 20 1 3
13 0 209 14 3 2 5 4 13 20 1 3
14 0 210 N 4 2 5 4 14 20 1 3
15 0 218 16 0 3 5 4 15 20 1 4
16 0 219 17 1 3 5 4 16 20 1 4
17 0 220 18 2 3 5 4 17 20 1 4
18 0 221 19 3 3 5 4 18 20 1 4
19 0 222 N 4 3 5 4 19 20 1 4
0 0 350 1 0 0 5 4 0 20 2 1
1 0 351 2 1 0 5 4 1 20 2 1
2 0 352 3 2 0 5 4 2 20 2 1
3 0 353 4 3 0 5 4 3 20 2 1
4 0 354 N 4 0 5 4 4 20 2 1
5 0 362 6 0 1 5 4 5 20 2 2
6 0 363 7 1 1 5 4 6 20 2 2
7 0 364 8 2 1 5 4 7 20 2 2
8 0 365 9 3 1 5 4 8 20 2 2
9 0 366 N 4 1 5 4 9 20 2 2
10 0 374 11 0 2 5 4 10 20 2 3
11 0 375 12 1 2 5 4 11 20 2 3
12 0 376 13 2 2 5 4 12 20 2 3
13 0 377 14 3 2 5 4 13 20 2 3
14 0 378 N 4 2 5 4 14 20 2 3
15 0 386 16 0 3 5 4 15 20 2 4
16 0 387 17 1 3 5 4 16 20 2 4
17 0 388 18 2 3 5 4 17 20 2 4
18 0 389 19 3 3 5 4 18 20 2 4
19 0 390 N 4 3 5 4 19 20 2 4
0 0 350 1 0 0 5 4 0 20 2 1
1 0 351 2 1 0 5 4 1 20 2 1
2 0 352 3 2 0 5 4 2 20 2 1
3 0 353 4 3 0 5 4 3 20 2 1
4 0 354 N 4 0 5 4 4 20 2 1
5 0 362 6 0 1 5 4 5 20 2 2
6 0 363 7 1 1 5 4 6 20 2 2
7 0 364 8 2 1 5 4 7 20 2 2
8 0 365 9 3 1 5 4 8 20 2 2
9 0 366 N 4 1 5 4 9 20 2 2
10 0 374 11 0 2 5 4 10 20 2 3
11 0 375 12 1 2 5 4 11 20 2 3
12 0 376 13 2 2 5 4 12 20 2 3
13 0 377 14 3 2 5 4 13 20 2 3
14 0 378 N 4 2 5 4 14 20 2 3
15 0 386 16 0 3 5 4 15 20 2 4
16 0 387 17 1 3 5 4 16 20 2 4
17 0 388 18 2 3 5 4 17 20 2 4
18 0 389 19 3 3 5 4 18 20 2 4
19 0 390 N 4 3 5 4 19 20 2 4
0 0 182 1 0 0 5 4 0 20 1 1
1 0 183 2 1 0 5 4 1 20 1 1
2 0 184 3 2 0 5 4 2 20 1 1
3 0 185 4 3 0 5 4 3 20 1 1
4 0 186 N 4 0 5 4 4 20 1 1
5 0 194 6 0 1 5 4 5 20 1 2
6 0 195 7 1 1 5 4 6 20 1 2
7 0 196 8 2 1 5 4 7 20 1 2
8 0 197 9 3 1 5 4 8 20 1 2
9 0 198 N 4 1 5 4 9 20 1 2
10 0 206 11 0 2 5 4 10 20 1 3
11 0 207 12 1 2 5 4 11 20 1 3
12 0 208 13 2 2 5 4 12 20 1 3
13 0 209 14 3 2 5 4 13 20 1 3
14 0 210 N 4 2 5 4 14 20 1 3
15 0 218 16 0 3 5 4 15 20 1 4
16 0 219 17 1 3 5 4 16 20 1 4
17 0 220 18 2 3 5 4 17 20 1 4
18 0 221 19 3 3 5 4 18 20 1 4
19 0 222 N 4 3 5 4 19 20 1 4
0 0 182 1 0 0 5 4 0 20 1 1
1 0 183 2 1 0 5 4 1 20 1 1
2 0 184 3 2 0 5 4 2 20 1 1
3 0 185 4 3 0 5 4 3 20 1 1
4 0 186 N 4 0 5 4 4 20 1 1
5 0 194 6 0 1 5 4 5 20 1 2
6 0 195 7 1 1 5 4 6 20 1 2
7 0 196 8 2 1 5 4 7 20 1 2
8 0 197 9 3 1 5 4 8 20 1 2
9 0 198 N 4 1 5 4 9 20 1 2
10 0 206 11 0 2 5 4 10 20 1 3
11 0 207 12 1 2 5 4 11 20 1 3
12 0 208 13 2 2 5 4 12 20 1 3
13 0 209 14 3 2 5 4 13 20 1 3
14 0 210 N 4 2 5 4 14 20 1 3
15 0 218 16 0 3 5 4 15 20 1 4
16 0 219 17 1 3 5 4 16 20 1 4
17 0 220 18 2 3 5 4 17 20 1 4
18 0 221 19 3 3 5 4 18 20 1 4
19 0 222 N 4 3 5 4 19 20 1 4
0 0 350 1 0 0 5 4 0 20 2 1
1 0 351 2 1 0 5 4 1 20 2 1
2 0 352 3 2 0 5 4 2 20 2 1
3 0 353 4 3 0 5 4 3 20 2 1
4 0 354 N 4 0 5 4 4 20 2 1
5 0 362 6 0 1 5 4 5 20 2 2
6 0 363 7 1 1 5 4 6 20 2 2
7 0 364 8 2 1 5 4 7 20 2 2
8 0 365 9 3 1 5 4 8 20 2 2
9 0 366 N 4 1 5 4 9 20 2 2
10 0 374 11 0 2 5 4 10 20 2 3
11 0 375 12 1 2 5 4 11 20 2 3
12 0 376 13 2 2 5 4 12 20 2 3
13 0 377 14 3 2 5 4 13 20 2 3
14 0 378 N 4 2 5 4 14 20 2 3
15 0 386 16 0 3 5 4 15 20 2 4
16 0 387 17 1 3 5 4 16 20 2 4
17 0 388 18 2 3 5 4 17 20 2 4
18 0 389 19 3 3 5 4 18 20 2 4
19 0 390 N 4 3 5 4 19 20 2 4
0 0 350 1 0 0 5 4 0 20 2 1
1 0 351 2 1 0 5 4 1 20 2 1
2 0 352 3 2 0 5 4 2 20 2 1
3 0 353 4 3 0 5 4 3 20 2 1
4 0 354 N 4 0 5 4 4 20 2 1
5 0 362 6 0 1 5 4 5 20 2 2
6 0 363 7 1 1 5 4 6 20 2 2
7 0 364 8 2 1 5 4 7 20 2 2
8 0 365 9 3 1 5 4 8 20 2 2
9 0 366 N 4 1 5 4 9 20 2 2
10 0 374 11 0 2 5 4 10 20 2 3
11 0 375 12 1 2 5 4 11 20 2 3
12 0 376 13 2 2 5 4 12 20 2 3
13 0 377 14 3 2 5 4 13 20 2 3
14 0 378 N 4 2 5 4 14 20 2 3
15 0 386 16 0 3 5 4 15 20 2 4
16 0 387 17 1 3 5 4 16 20 2 4
17 0 388 18 2 3 5 4 17 20 2 4
18 0 389 19 3 3 5 4 18 20 2 4
19 0 390 N 4 3 5 4 19 20 2 4
0 0 182 1 0 0 5 4 0 20 1 1
1 0 183 2 1 0 5 4 1 20 1 1
2 0 184 3 2 0 5 4 2 20 1 1
3 0 185 4 3 0 5 4 3 20 1 1
4 0 186 N 4 0 5 4 4 20 1 1
5 0 194 6 0 1 5 4 5 20 1 2
6 0 195 7 1 1 5 4 6 20 1 2
7 0 196 8 2 1 5 4 7 20 1 2
8 0 197 9 3 1 5 4 8 20 1 2
9 0 198 N 4 1 5 4 9 20 1 2
10 0 206 11 0 2 5 4 10 20 1 3
11 0 207 12 1 2 5 4 11 20 1 3
12 0 208 13 2 2 5 4 12 20 1 3
13 0 209 14 3 2 5 4 13 20 1 3
14 0 210 N 4 2 5 4 14 20 1 3
15 0 218 16 0 3 5 4 15 20 1 4
16 0 219 17 1 3 5 4 16 20 1 4
17 0 220 18 2 3 5 4 17 20 1 4
18 0 221 19 3 3 5 4 18 20 1 4
19 0 222 N 4 3 5 4 19 20 1 4
0 0 182 1 0 0 5 4 0 20 1 1
1 0 183 2 1 0 5 4 1 20 1 1
2 0 184 3 2 0 5 4 2 20 1 1
3 0 185 4 3 0 5 4 3 20 1 1
4 0 186 N 4 0 5 4 4 20 1 1
5 0 194 6 0 1 5 4 5 20 1 2
6 0 195 7 1 1 5 4 6 20 1 2
7 0 196 8 2 1 5 4 7 20 1 2
8 0 197 9 3 1 5 4 8 20 1 2
9 0 198 N 4 1 5 4 9 20 1 2
10 0 206 11 0 2 5 4 10 20 1 3
11 0 207 12 1 2 5 4 11 20 1 3
12 0 208 13 2 2 5 4 12 20 1 3
13 0 209 14 3 2 5 4 13 20 1 3
14 0 210 N 4 2 5 4 14 20 1 3
15 0 218 16 0 3 5 4 15 20 1 4
16 0 219 17 1 3 5 4 16 20 1 4
17 0 220 18 2 3 5 4 17 20 1 4
18 0 221 19 3 3 5 4 18 20 1 4
19 0 222 N 4 3 5 4 19 20 1 4
0 0 350 1 0 0 5 4 0 20 2 1
1 0 351 2 1 0 5 4 1 20 2 1
2 0 352 3 2 0 5 4 2 20 2 1
3 0 353 4 3 0 5 4 3 20 2 1
4 0 354 N 4 0 5 4 4 20 2 1
5 0 362 6 0 1 5 4 5 20 2 2
6 0 363 7 1 1 5 4 6 20 2 2
7 0 364 8 2 1 5 4 7 20 2 2
8 0 365 9 3 1 5 4 8 20 2 2
9 0 366 N 4 1 5 4 9 20 2 2
10 0 374 11 0 2 5 4 10 20 2 3
11 0 375 12 1 2 5 4 11 20 2 3
12 0 376 13 2 2 5 4 12 20 2 3
13 0 377 14 3 2 5 4 13 20 2 3
14 0 378 N 4 2 5 4 14 20 2 3
15 0 386 16 0 3 5 4 15 20 2 4
16 0 387 17 1 3 5 4 16 20 2 4
17 0 388 18 2 3 5 4 17 20 2 4
18 0 389 19 3 3 5 4 18 20 2 4
19 0 390 N 4 3 5 4 19 20 2 4
0 0 350 1 0 0 5 4 0 20 2 1
1 0 351 2 1 0 5 4 1 20 2 1
2 0 352 3 2 0 5 4 2 20 2 1
3 0 353 4 3 0 5 4 3 20 2 1
4 0 354 N 4 0 5 4 4 20 2 1
5 0 362 6 0 1 5 4 5 20 2 2
6 0 363 7 1 1 5 4 6 20 2 2
7 0 364 8 2 1 5 4 7 20 2 2
8 0 365 9 3 1 5 4 8 20 2 2
9 0 366 N 4 1 5 4 9 20 2 2
10 0 374 11 0 2 5 4 10 20 2 3
11 0 375 12 1 2 5 4 11 20 2 3
12 0 376 13 2 2 5 4 12 20 2 3
13 0 377 14 3 2 5 4 13 20 2 3
14 0 378 N 4 2 5 4 14 20 2 3
15 0 386 16 0 3 5 4 15 20 2 4
16 0 387 17 1 3 5 4 16 20 2 4
17 0 388 18 2 3 5 4 17 20 2 4
18 0 389 19 3 3 5 4 18 20 2 4
19 0 390 N 4 3 5 4 19 20 2 4
0 1 187 1 0 0 5 4 0 20 1 1
1 1 188 2 1 0 5 4 1 20 1 1
2 1 189 3 2 0 5 4 2 20 1 1
3 1 190 4 3 0 5 4 3 20 1 1
4 1 191 N 4 0 5 4 4 20 1 1
5 1 199 6 0 1 5 4 5 20 1 2
6 1 200 7 1 1 5 4 6 20 1 2
7 1 201 8 2 1 5 4 7 20 1 2
8 1 202 9 3 1 5 4 8 20 1 2
9 1 203 N 4 1 5 4 9 20 1 2
10 1 211 11 0 2 5 4 10 20 1 3
11 1 212 12 1 2 5 4 11 20 1 3
12 1 213 13 2 2 5 4 12 20 1 3
13 1 214 14 3 2 5 4 13 20 1 3
14 1 215 N 4 2 5 4 14 20 1 3
15 1 223 16 0 3 5 4 15 20 1 4
16 1 224 17 1 3 5 4 16 20 1 4
17 1 225 18 2 3 5 4 17 20 1 4
18 1 226 19 3 3 5 4 18 20 1 4
19 1 227 N 4 3 5 4 19 20 1 4
0 1 187 1 0 0 5 4 0 20 1 1
1 1 188 2 1 0 5 4 1 20 1 1
2 1 189 3 2 0 5 4 2 20 1 1
3 1 190 4 3 0 5 4 3 20 1 1
4 1 191 N 4 0 5 4 4 20 1 1
5 1 199 6 0 1 5 4 5 20 1 2
6 1 200 7 1 1 5 4 6 20 1 2
7 1 201 8 2 1 5 4 7 20 1 2
8 1 202 9 3 1 5 4 8 20 1 2
9 1 203 N 4 1 5 4 9 20 1 2
10 1 211 11 0 2 5 4 10 20 1 3
11 1 212 12 1 2 5 4 11 20 1 3
12 1 213 13 2 2 5 4 12 20 1 3
13 1 214 14 3 2 5 4 13 20 1 3
14 1 215 N 4 2 5 4 14 20 1 3
15 1 223 16 0 3 5 4 15 20 1 4
16 1 224 17 1 3 5 4 16 20 1 4
17 1 225 18 2 3 5 4 17 20 1 4
18 1 226 19 3 3 5 4 18 20 1 4
19 1 227 N 4 3 5 4 19 20 1 4
0 1 355 1 0 0 5 4 0 20 2 1
1 1 356 2 1 0 5 4 1 20 2 1
2 1 357 3 2 0 5 4 2 20 2 1
3 1 358 4 3 0 5 4 3 20 2 1
4 1 359 N 4 0 5 4 4 20 2 1
5 1 367 6 0 1 5 4 5 20 2 2
6 1 368 7 1 1 5 4 6 20 2 2
7 1 369 8 2 1 5 4 7 20 2 2
8 1 370 9 3 1 5 4 8 20 2 2
9 1 371 N 4 1 5 4 9 20 2 2
10 1 379 11 0 2 5 4 10 20 2 3
11 1 380 12 1 2 5 4 11 20 2 3
12 1 381 13 2 2 5 4 12 20 2 3
13 1 382 14 3 2 5 4 13 20 2 3
14 1 383 N 4 2 5 4 14 20 2 3
15 1 391 16 0 3 5 4 15 20 2 4
16 1 392 17 1 3 5 4 16 20 2 4
17 1 393 18 2 3 5 4 17 20 2 4
18 1 394 19 3 3 5 4 18 20 2 4
19 1 395 N 4 3 5 4 19 20 2 4
0 1 355 1 0 0 5 4 0 20 2 1
1 1 356 2 1 0 5 4 1 20 2 1
2 1 357 3 2 0 5 4 2 20 2 1
3 1 358 4 3 0 5 4 3 20 2 1
4 1 359 N 4 0 5 4 4 20 2 1
5 1 367 6 0 1 5 4 5 20 2 2
6 1 368 7 1 1 5 4 6 20 2 2
7 1 369 8 2 1 5 4 7 20 2 2
8 1 370 9 3 1 5 4 8 20 2 2
9 1 371 N 4 1 5 4 9 20 2 2
10 1 379 11 0 2 5 4 10 20 2 3
11 1 380 12 1 2 5 4 11 20 2 3
12 1 381 13 2 2 5 4 12 20 2 3
13 1 382 14 3 2 5 4 13 20 2 3
14 1 383 N 4 2 5 4 14 20 2 3
15 1 391 16 0 3 5 4 15 20 2 4
16 1 392 17 1 3 5 4 16 20 2 4
17 1 393 18 2 3 5 4 17 20 2 4
18 1 394 19 3 3 5 4 18 20 2 4
19 1 395 N 4 3 5 4 19 20 2 4
0 1 187 1 0 0 5 4 0 20 1 1
1 1 188 2 1 0 5 4 1 20 1 1
2 1 189 3 2 0 5 4 2 20 1 1
3 1 190 4 3 0 5 4 3 20 1 1
4 1 191 N 4 0 5 4 4 20 1 1
5 1 199 6 0 1 5 4 5 20 1 2
6 1 200 7 1 1 5 4 6 20 1 2
7 1 201 8 2 1 5 4 7 20 1 2
8 1 202 9 3 1 5 4 8 20 1 2
9 1 203 N 4 1 5 4 9 20 1 2
10 1 211 11 0 2 5 4 10 20 1 3
11 1 212 12 1 2 5 4 11 20 1 3
12 1 213 13 2 2 5 4 12 20 1 3
13 1 214 14 3 2 5 4 13 20 1 3
14 1 215 N 4 2 5 4 14 20 1 3
15 1 223 16 0 3 5 4 15 20 1 4
16 1 224 17 1 3 5 4 16 20 1 4
17 1 225 18 2 3 5 4 17 20 1 4
18 1 226 19 3 3 5 4 18 20 1 4
19 1 227 N 4 3 5 4 19 20 1 4
0 1 187 1 0 0 5 4 0 20 1 1
1 1 188 2 1 0 5 4 1 20 1 1
2 1 189 3 2 0 5 4 2 20 1 1
3 1 190 4 3 0 5 4 3 20 1 1
4 1 191 N 4 0 5 4 4 20 1 1
5 1 199 6 0 1 5 4 5 20 1 2
6 1 200 7 1 1 5 4 6 20 1 2
7 1 201 8 2 1 5 4 7 20 1 2
8 1 202 9 3 1 5 4 8 20 1 2
9 1 203 N 4 1 5 4 9 20 1 2
10 1 211 11 0 2 5 4 10 20 1 3
11 1 212 12 1 2 5 4 11 20 1 3
12 1 213 13 2 2 5 4 12 20 1 3
13 1 214 14 3 2 5 4 13 20 1 3
14 1 215 N 4 2 5 4 14 20 1 3
15 1 223 16 0 3 5 4 15 20 1 4
16 1 224 17 1 3 5 4 16 20 1 4
17 1 225 18 2 3 5 4 17 20 1 4
18 1 226 19 3 3 5 4 18 20 1 4
19 1 227 N 4 3 5 4 19 20 1 4
0 1 355 1 0 0 5 4 0 20 2 1
1 1 356 2 1 0 5 4 1 20 2 1
2 1 357 3 2 0 5 4 2 20 2 1
3 1 358 4 3 0 5 4 3 20 2 1
4 1 359 N 4 0 5 4 4 20 2 1
5 1 367 6 0 1 5 4 5 20 2 2
6 1 368 7 1 1 5 4 6 20 2 2
7 1 369 8 2 1 5 4 7 20 2 2
8 1 370 9 3 1 5 4 8 20 2 2
9 1 371 N 4 1 5 4 9 20 2 2
10 1 379 11 0 2 5 4 10 20 2 3
11 1 380 12 1 2 5 4 11 20 2 3
12 1 381 13 2 2 5 4 12 20 2 3
13 1 382 14 3 2 5 4 13 20 2 3
14 1 383 N 4 2 5 4 14 20 2 3
15 1 391 16 0 3 5 4 15 20 2 4
16 1 392 17 1 3 5 4 16 20 2 4
17 1 393 18 2 3 5 4 17 20 2 4
18 1 394 19 3 3 5 4 18 20 2 4
19 1 395 N 4 3 5 4 19 20 2 4
0 1 355 1 0 0 5 4 0 20 2 1
1 1 356 2 1 0 5 4 1 20 2 1
2 1 357 3 2 0 5 4 2 20 2 1
3 1 358 4 3 0 5 4 3 20 2 1
4 1 359 N 4 0 5 4 4 20 2 1
5 1 367 6 0 1 5 4 5 20 2 2
6 1 368 7 1 1 5 4 6 20 2 2
7 1 369 8 2 1 5 4 7 20 2 2
8 1 370 9 3 1 5 4 8 20 2 2
9 1 371 N 4 1 5 4 9 20 2 2
10 1 379 11 0 2 5 4 10 20 2 3
11 1 380 12 1 2 5 4 11 20 2 3
12 1 381 13 2 2 5 4 12 20 2 3
13 1 382 14 3 2 5 4 13 20 2 3
14 1 383 N 4 2 5 4 14 20 2 3
15 1 391 16 0 3 5 4 15 20 2 4
16 1 392 17 1 3 5 4 16 20 2 4
17 1 393 18 2 3 5 4 17 20 2 4
18 1 394 19 3 3 5 4 18 20 2 4
19 1 395 N 4 3 5 4 19 20 2 4
0 1 187 1 0 0 5 4 0 20 1 1
1 1 188 2 1 0 5 4 1 20 1 1
2 1 189 3 2 0 5 4 2 20 1 1
3 1 190 4 3 0 5 4 3 20 1 1
4 1 191 N 4 0 5 4 4 20 1 1
5 1 199 6 0 1 5 4 5 20 1 2
6 1 200 7 1 1 5 4 6 20 1 2
7 1 201 8 2 1 5 4 7 20 1 2
8 1 202 9 3 1 5 4 8 20 1 2
9 1 203 N 4 1 5 4 9 20 1 2
10 1 211 11 0 2 5 4 10 20 1 3
11 1 212 12 1 2 5 4 11 20 1 3
12 1 213 13 2 2 5 4 12 20 1 3
13 1 214 14 3 2 5 4 13 20 1 3
14 1 215 N 4 2 5 4 14 20 1 3
15 1 223 16 0 3 5 4 15 20 1 4
16 1 224 17 1 3 5 4 16 20 1 4
17 1 225 18 2 3 5 4 17 20 1 4
18 1 226 19 3 3 5 4 18 20 1 4
19 1 227 N 4 3 5 4 19 20 1 4
0 1 187 1 0 0 5 4 0 20 1 1
1 1 188 2 1 0 5 4 1 20 1 1
2 1 189 3 2 0 5 4 2 20 1 1
3 1 190 4 3 0 5 4 3 20 1 1
4 1 191 N 4 0 5 4 4 20 1 1
5 1 199 6 0 1 5 4 5 20 1 2
6 1 200 7 1 1 5 4 6 20 1 2
7 1 201 8 2 1 5 4 7 20 1 2
8 1 202 9 3 1 5 4 8 20 1 2
9 1 203 N 4 1 5 4 9 20 1 2
10 1 211 11 0 2 5 4 10 20 1 3
11 1 212 12 1 2 5 4 11 20 1 3
12 1 213 13 2 2 5 4 12 20 1 3
13 1 214 14 3 2 5 4 13 20 1 3
14 1 215 N 4 2 5 4 14 20 1 3
15 1 223 16 0 3 5 4 15 20 1 4
16 1 224 17 1 3 5 4 16 20 1 4
17 1 225 18 2 3 5 4 17 20 1 4
18 1 226 19 3 3 5 4 18 20 1 4
19 1 227 N 4 3 5 4 19 20 1 4
0 1 355 1 0 0 5 4 0 20 2 1
1 1 356 2 1 0 5 4 1 20 2 1
2 1 357 3 2 0 5 4 2 20 2 1
3 1 358 4 3 0 5 4 3 20 2 1
4 1 359 N 4 0 5 4 4 20 2 1
5 1 367 6 0 1 5 4 5 20 2 2
6 1 368 7 1 1 5 4 6 20 2 2
7 1 369 8 2 1 5 4 7 20 2 2
8 1 370 9 3 1 5 4 8 20 2 2
9 1 371 N 4 1 5 4 9 20 2 2
10 1 379 11 0 2 5 4 10 20 2 3
11 1 380 12 1 2 5 4 11 20 2 3
12 1 381 13 2 2 5 4 12 20 2 3
13 1 382 14 3 2 5 4 13 20 2 3
14 1 383 N 4 2 5 4 14 20 2 3
15 1 391 16 0 3 5 4 15 20 2 4
16 1 392 17 1 3 5 4 16 20 2 4
17 1 393 18 2 3 5 4 17 20 2 4
18 1 394 19 3 3 5 4 18 20 2 4
19 1 395 N 4 3 5 4 19 20 2 4
0 1 355 1 0 0 5 4 0 20 2 1
1 1 356 2 1 0 5 4 1 20 2 1
2 1 357 3 2 0 5 4 2 20 2 1
3 1 358 4 3 0 5 4 3 20 2 1
4 1 359 N 4 0 5 4 4 20 2 1
5 1 367 6 0 1 5 4 5 20 2 2
6 1 368 7 1 1 5 4 6 20 2 2
7 1 369 8 2 1 5 4 7 20 2 2
8 1 370 9 3 1 5 4 8 20 2 2
9 1 371 N 4 1 5 4 9 20 2 2
10 1 379 11 0 2 5 4 10 20 2 3
11 1 380 12 1 2 5 4 11 20 2 3
12 1 381 13 2 2 5 4 12 20 2 3
13 1 382 14 3 2 5 4 13 20 2 3
14 1 383 N 4 2 5 4 14 20 2 3
15 1 391 16 0 3 5 4 15 20 2 4
16 1 392 17 1 3 5 4 16 20 2 4
17 1 393 18 2 3 5 4 17 20 2 4
18 1 394 19 3 3 5 4 18 20 2 4
19 1 395 N 4 3 5 4 19 20 2 4
0 2 230 1 0 0 5 4 0 20 1 5
1 2 231 2 1 0 5 4 1 20 1 5
2 2 232 3 2 0 5 4 2 20 1 5
3 2 233 4 3 0 5 4 3 20 1 5
4 2 234 N 4 0 5 4 4 20 1 5
5 2 242 6 0 1 5 4 5 20 1 6
6 2 243 7 1 1 5 4 6 20 1 6
7 2 244 8 2 1 5 4 7 20 1 6
8 2 245 9 3 1 5 4 8 20 1 6
9 2 246 N 4 1 5 4 9 20 1 6
10 2 254 11 0 2 5 4 10 20 1 7
11 2 255 12 1 2 5 4 11 20 1 7
12 2 256 13 2 2 5 4 12 20 1 7
13 2 257 14 3 2 5 4 13 20 1 7
14 2 258 N 4 2 5 4 14 20 1 7
15 2 266 16 0 3 5 4 15 20 1 8
16 2 267 17 1 3 5 4 16 20 1 8
17 2 268 18 2 3 5 4 17 20 1 8
18 2 269 19 3 3 5 4 18 20 1 8
19 2 270 N 4 3 5 4 19 20 1 8
0 2 230 1 0 0 5 4 0 20 1 5
1 2 231 2 1 0 5 4 1 20 1 5
2 2 232 3 2 0 5 4 2 20 1 5
3 2 233 4 3 0 5 4 3 20 1 5
4 2 234 N 4 0 5 4 4 20 1 5
5 2 242 6 0 1 5 4 5 20 1 6
6 2 243 7 1 1 5 4 6 20 1 6
7 2 244 8 2 1 5 4 7 20 1 6
8 2 245 9 3 1 5 4 8 20 1 6
9 2 246 N 4 1 5 4 9 20 1 6
10 2 254 11 0 2 5 4 10 20 1 7
11 2 255 12 1 2 5 4 11 20 1 7
12 2 256 13 2 2 5 4 12 20 1 7
13 2 257 14 3 2 5 4 13 20 1 7
14 2 258 N 4 2 5 4 14 20 1 7
15 2 266 16 0 3 5 4 15 20 1 8
16 2 267 17 1 3 5 4 16 20 1 8
17 2 268 18 2 3 5 4 17 20 1 8
18 2 269 19 3 3 5 4 18 20 1 8
19 2 270 N 4 3 5 4 19 20 1 8
0 2 398 1 0 0 5 4 0 20 2 5
1 2 399 2 1 0 5 4 1 20 2 5
2 2 400 3 2 0 5 4 2 20 2 5
3 2 401 4 3 0 5 4 3 20 2 5
4 2 402 N 4 0 5 4 4 20 2 5
5 2 410 6 0 1 5 4 5 20 2 6
6 2 411 7 1 1 5 4 6 20 2 6
7 2 412 8 2 1 5 4 7 20 2 6
8 2 413 9 3 1 5 4 8 20 2 6
9 2 414 N 4 1 5 4 9 20 2 6
10 2 422 11 0 2 5 4 10 20 2 7
11 2 423 12 1 2 5 4 11 20 2 7
12 2 424 13 2 2 5 4 12 20 2 7
13 2 425 14 3 2 5 4 13 20 2 7
14 2 426 N 4 2 5 4 14 20 2 7
15 2 434 16 0 3 5 4 15 20 2 8
16 2 435 17 1 3 5 4 16 20 2 8
17 2 436 18 2 3 5 4 17 20 2 8
18 2 437 19 3 3 5 4 18 20 2 8
19 2 438 N 4 3 5 4 19 20 2 8
0 2 398 1 0 0 5 4 0 20 2 5
1 2 399 2 1 0 5 4 1 20 2 5
2 2 400 3 2 0 5 4 2 20 2 5
3 2 401 4 3 0 5 4 3 20 2 5
4 2 402 N 4 0 5 4 4 20 2 5
5 2 410 6 0 1 5 4 5 20 2 6
6 2 411 7 1 1 5 4 6 20 2 6
7 2 412 8 2 1 5 4 7 20 2 6
8 2 413 9 3 1 5 4 8 20 2 6
9 2 414 N 4 1 5 4 9 20 2 6
10 2 422 11 0 2 5 4 10 20 2 7
11 2 423 12 1 2 5 4 11 20 2 7
12 2 424 13 2 2 5 4 12 20 2 7
13 2 425 14 3 2 5 4 13 20 2 7
14 2 426 N 4 2 5 4 14 20 2 7
15 2 434 16 0 3 5 4 15 20 2 8
16 2 435 17 1 3 5 4 16 20 2 8
17 2 436 18 2 3 5 4 17 20 2 8
18 2 437 19 3 3 5 4 18 20 2 8
19 2 438 N 4 3 5 4 19 20 2 8
0 2 230 1 0 0 5 4 0 20 1 5
1 2 231 2 1 0 5 4 1 20 1 5
2 2 232 3 2 0 5 4 2 20 1 5
3 2 233 4 3 0 5 4 3 20 1 5
4 2 234 N 4 0 5 4 4 20 1 5
5 2 242 6 0 1 5 4 5 20 1 6
6 2 243 7 1 1 5 4 6 20 1 6
7 2 244 8 2 1 5 4 7 20 1 6
8 2 245 9 3 1 5 4 8 20 1 6
9 2 246 N 4 1 5 4 9 20 1 6
10 2 254 11 0 2 5 4 10 20 1 7
11 2 255 12 1 2 5 4 11 20 1 7
12 2 256 13 2 2 5 4 12 20 1 7
13 2 257 14 3 2 5 4 13 20 1 7
14 2 258 N 4 2 5 4 14 20 1 7
15 2 266 16 0 3 5 4 15 20 1 8
16 2 267 17 1 3 5 4 16 20 1 8
17 2 268 18 2 3 5 4 17 20 1 8
18 2 269 19 3 3 5 4 18 20 1 8
19 2 270 N 4 3 5 4 19 20 1 8
0 2 230 1 0 0 5 4 0 20 1 5
1 2 231 2 1 0 5 4 1 20 1 5
2 2 232 3 2 0 5 4 2 20 1 5
3 2 233 4 3 0 5 4 3 20 1 5
4 2 234 N 4 0 5 4 4 20 1 5
5 2 242 6 0 1 5 4 5 20 1 6
6 2 243 7 1 1 5 4 6 20 1 6
7 2 244 8 2 1 5 4 7 20 1 6
8 2 245 9 3 1 5 4 8 20 1 6
9 2 246 N 4 1 5 4 9 20 1 6
10 2 254 11 0 2 5 4 10 20 1 7
11 2 255 12 1 2 5 4 11 20 1 7
12 2 256 13 2 2 5 4 12 20 1 7
13 2 257 14 3 2 5 4 13 20 1 7
14 2 258 N 4 2 5 4 14 20 1 7
15 2 266 16 0 3 5 4 15 20 1 8
16 2 267 17 1 3 5 4 16 20 1 8
17 2 268 18 2 3 5 4 17 20 1 8
18 2 269 19 3 3 5 4 18 20 1 8
19 2 270 N 4 3 5 4 19 20 1 8
0 2 398 1 0 0 5 4 0 20 2 5
1 2 399 2 1 0 5 4 1 20 2 5
2 2 400 3 2 0 5 4 2 20 2 5
3 2 401 4 3 0 5 4 3 20 2 5
4 2 402 N 4 0 5 4 4 20 2 5
5 2 410 6 0 1 5 4 5 20 2 6
6 2 411 7 1 1 5 4 6 20 2 6
7 2 412 8 2 1 5 4 7 20 2 6
8 2 413 9 3 1 5 4 8 20 2 6
9 2 414 N 4 1 5 4 9 20 2 6
10 2 422 11 0 2 5 4 10 20 2 7
11 2 423 12 1 2 5 4 11 20 2 7
12 2 424 13 2 2 5 4 12 20 2 7
13 2 425 14 3 2 5 4 13 20 2 7
14 2 426 N 4 2 5 4 14 20 2 7
15 2 434 16 0 3 5 4 15 20 2 8
16 2 435 17 1 3 5 4 16 20 2 8
17 2 436 18 2 3 5 4 17 20 2 8
18 2 437 19 3 3 5 4 18 20 2 8
19 2 438 N 4 3 5 4 19 20 2 8
0 2 398 1 0 0 5 4 0 20 2 5
1 2 399 2 1 0 5 4 1 20 2 5
2 2 400 3 2 0 5 4 2 20 2 5
3 2 401 4 3 0 5 4 3 20 2 5
4 2 402 N 4 0 5 4 4 20 2 5
5 2 410 6 0 1 5 4 5 20 2 6
6 2 411 7 1 1 5 4 6 20 2 6
7 2 412 8 2 1 5 4 7 20 2 6
8 2 413 9 3 1 5 4 8 20 2 6
9 2 414 N 4 1 5 4 9 20 2 6
10 2 422 11 0 2 5 4 10 20 2 7
11 2 423 12 1 2 5 4 11 20 2 7
12 2 424 13 2 2 5 4 12 20 2 7
13 2 425 14 3 2 5 4 13 20 2 7
14 2 426 N 4 2 5 4 14 20 2 7
15 2 434 16 0 3 5 4 15 20 2 8
16 2 435 17 1 3 5 4 16 20 2 8
17 2 436 18 2 3 5 4 17 20 2 8
18 2 437 19 3 3 5 4 18 20 2 8
19 2 438 N 4 3 5 4 19 20 2 8
0 2 230 1 0 0 5 4 0 20 1 5
1 2 231 2 1 0 5 4 1 20 1 5
2 2 232 3 2 0 5 4 2 20 1 5
3 2 233 4 3 0 5 4 3 20 1 5
4 2 234 N 4 0 5 4 4 20 1 5
5 2 242 6 0 1 5 4 5 20 1 6
6 2 243 7 1 1 5 4 6 20 1 6
7 2 244 8 2 1 5 4 7 20 1 6
8 2 245 9 3 1 5 4 8 20 1 6
9 2 246 N 4 1 5 4 9 20 1 6
10 2 254 11 0 2 5 4 10 20 1 7
11 2 255 12 1 2 5 4 11 20 1 7
12 2 256 13 2 2 5 4 12 20 1 7
13 2 257 14 3 2 5 4 13 20 1 7
14 2 258 N 4 2 5 4 14 20 1 7
15 2 266 16 0 3 5 4 15 20 1 8
16 2 267 17 1 3 5 4 16 20 1 8
17 2 268 18 2 3 5 4 17 20 1 8
18 2 269 19 3 3 5 4 18 20 1 8
19 2 270 N 4 3 5 4 19 20 1 8
0 2 230 1 0 0 5 4 0 20 1 5
1 2 231 2 1 0 5 4 1 20 1 5
2 2 232 3 2 0 5 4 2 20 1 5
3 2 233 4 3 0 5 4 3 20 1 5
4 2 234 N 4 0 5 4 4 20 1 5
5 2 242 6 0 1 5 4 5 20 1 6
6 2 243 7 1 1 5 4 6 20 1 6
7 2 244 8 2 1 5 4 7 20 1 6
8 2 245 9 3 1 5 4 8 20 1 6
9 2 246 N 4 1 5 4 9 20 1 6
10 2 254 11 0 2 5 4 10 20 1 7
11 2 255 12 1 2 5 4 11 20 1 7
12 2 256 13 2 2 5 4 12 20 1 7
13 2 257 14 3 2 5 4 13 20 1 7
14 2 258 N 4 2 5 4 14 20 1 7
15 2 266 16 0 3 5 4 15 20 1 8
16 2 267 17 1 3 5 4 16 20 1 8
17 2 268 18 2 3 5 4 17 20 1 8
18 2 269 19 3 3 5 4 18 20 1 8
19 2 270 N 4 3 5 4 19 20 1 8
0 2 398 1 0 0 5 4 0 20 2 5
1 2 399 2 1 0 5 4 1 20 2 5
2 2 400 3 2 0 5 4 2 20 2 5
3 2 401 4 3 0 5 4 3 20 2 5
4 2 402 N 4 0 5 4 4 20 2 5
5 2 410 6 0 1 5 4 5 20 2 6
6 2 411 7 1 1 5 4 6 20 2 6
7 2 412 8 2 1 5 4 7 20 2 6
8 2 413 9 3 1 5 4 8 20 2 6
9 2 414 N 4 1 5 4 9 20 2 6
10 2 422 11 0 2 5 4 10 20 2 7
11 2 423 12 1 2 5 4 11 20 2 7
12 2 424 13 2 2 5 4 12 20 2 7
13 2 425 14 3 2 5 4 13 20 2 7
14 2 426 N 4 2 5 4 14 20 2 7
15 2 434 16 0 3 5 4 15 20 2 8
16 2 435 17 1 3 5 4 16 20 2 8
17 2 436 18 2 3 5 4 17 20 2 8
18 2 437 19 3 3 5 4 18 20 2 8
19 2 438 N 4 3 5 4 19 20 2 8
0 2 398 1 0 0 5 4 0 20 2 5
1 2 399 2 1 0 5 4 1 20 2 5
2 2 400 3 2 0 5 4 2 20 2 5
3 2 401 4 3 0 5 4 3 20 2 5
4 2 402 N 4 0 5 4 4 20 2 5
5 2 410 6 0 1 5 4 5 20 2 6
6 2 411 7 1 1 5 4 6 20 2 6
7 2 412 8 2 1 5 4 7 20 2 6
8 2 413 9 3 1 5 4 8 20 2 6
9 2 414 N 4 1 5 4 9 20 2 6
10 2 422 11 0 2 5 4 10 20 2 7
11 2 423 12 1 2 5 4 11 20 2 7
12 2 424 13 2 2 5 4 12 20 2 7
13 2 425 14 3 2 5 4 13 20 2 7
14 2 426 N 4 2 5 4 14 20 2 7
15 2 434 16 0 3 5 4 15 20 2 8
16 2 435 17 1 3 5 4 16 20 2 8
17 2 436 18 2 3 5 4 17 20 2 8
18 2 437 19 3 3 5 4 18 20 2 8
19 2 438 N 4 3 5 4 19 20 2 8
0 3 235 1 0 0 5 4 0 20 1 5
1 3 236 2 1 0 5 4 1 20 1 5
2 3 237 3 2 0 5 4 2 20 1 5
3 3 238 4 3 0 5 4 3 20 1 5
4 3 239 N 4 0 5 4 4 20 1 5
5 3 247 6 0 1 5 4 5 20 1 6
6 3 248 7 1 1 5 4 6 20 1 6
7 3 249 8 2 1 5 4 7 20 1 6
8 3 250 9 3 1 5 4 8 20 1 6
9 3 251 N 4 1 5 4 9 20 1 6
10 3 259 11 0 2 5 4 10 20 1 7
11 3 260 12 1 2 5 4 11 20 1 7
12 3 261 13 2 2 5 4 12 20 1 7
13 3 262 14 3 2 5 4 13 20 1 7
14 3 263 N 4 2 5 4 14 20 1 7
15 3 271 16 0 3 5 4 15 20 1 8
16 3 272 17 1 3 5 4 16 20 1 8
17 3 273 18 2 3 5 4 17 20 1 8
18 3 274 19 3 3 5 4 18 20 1 8
19 3 275 N 4 3 5 4 19 20 1 8
0 3 235 1 0 0 5 4 0 20 1 5
1 3 236 2 1 0 5 4 1 20 1 5
2 3 237 3 2 0 5 4 2 20 1 5
3 3 238 4 3 0 5 4 3 20 1 5
4 3 239 N 4 0 5 4 4 20 1 5
5 3 247 6 0 1 5 4 5 20 1 6
6 3 248 7 1 1 5 4 6 20 1 6
7 3 249 8 2 1 5 4 7 20 1 6
8 3 250 9 3 1 5 4 8 20 1 6
9 3 251 N 4 1 5 4 9 20 1 6
10 3 259 11 0 2 5 4 10 20 1 7
11 3 260 12 1 2 5 4 11 20 1 7
12 3 261 13 2 2 5 4 12 20 1 7
13 3 262 14 3 2 5 4 13 20 1 7
14 3 263 N 4 2 5 4 14 20 1 7
15 3 271 16 0 3 5 4 15 20 1 8
16 3 272 17 1 3 5 4 16 20 1 8
17 3 273 18 2 3 5 4 17 20 1 8
18 3 274 19 3 3 5 4 18 20 1 8
19 3 275 N 4 3 5 4 19 20 1 8
0 3 403 1 0 0 5 4 0 20 2 5
1 3 404 2 1 0 5 4 1 20 2 5
2 3 405 3 2 0 5 4 2 20 2 5
3 3 406 4 3 0 5 4 3 20 2 5
4 3 407 N 4 0 5 4 4 20 2 5
5 3 415 6 0 1 5 4 5 20 2 6
6 3 416 7 1 1 5 4 6 20 2 6
7 3 417 8 2 1 5 4 7 20 2 6
8 3 418 9 3 1 5 4 8 20 2 6
9 3 419 N 4 1 5 4 9 20 2 6
10 3 427 11 0 2 5 4 10 20 2 7
11 3 428 12 1 2 5 4 11 20 2 7
12 3 429 13 2 2 5 4 12 20 2 7
13 3 430 14 3 2 5 4 13 20 2 7
14 3 431 N 4 2 5 4 14 20 2 7
15 3 439 16 0 3 5 4 15 20 2 8
16 3 440 17 1 3 5 4 16 20 2 8
17 3 441 18 2 3 5 4 17 20 2 8
18 3 442 19 3 3 5 4 18 20 2 8
19 3 443 N 4 3 5 4 19 20 2 8
0 3 403 1 0 0 5 4 0 20 2 5
1 3 404 2 1 0 5 4 1 20 2 5
2 3 405 3 2 0 5 4 2 20 2 5
3 3 406 4 3 0 5 4 3 20 2 5
4 3 407 N 4 0 5 4 4 20 2 5
5 3 415 6 0 1 5 4 5 20 2 6
6 3 416 7 1 1 5 4 6 20 2 6
7 3 417 8 2 1 5 4 7 20 2 6
8 3 418 9 3 1 5 4 8 20 2 6
9 3 419 N 4 1 5 4 9 20 2 6
10 3 427 11 0 2 5 4 10 20 2 7
11 3 428 12 1 2 5 4 11 20 2 7
12 3 429 13 2 2 5 4 12 20 2 7
13 3 430 14 3 2 5 4 13 20 2 7
14 3 431 N 4 2 5 4 14 20 2 7
15 3 439 16 0 3 5 4 15 20 2 8
16 3 440 17 1 3 5 4 16 20 2 8
17 3 441 18 2 3 5 4 17 20 2 8
18 3 442 19 3 3 5 4 18 20 2 8
19 3 443 N 4 3 5 4 19 20 2 8
0 3 235 1 0 0 5 4 0 20 1 5
1 3 236 2 1 0 5 4 1 20 1 5
2 3 237 3 2 0 5 4 2 20 1 5
3 3 238 4 3 0 5 4 3 20 1 5
4 3 239 N 4 0 5 4 4 20 1 5
5 3 247 6 0 1 5 4 5 20 1 6
6 3 248 7 1 1 5 4 6 20 1 6
7 3 249 8 2 1 5 4 7 20 1 6
8 3 250 9 3 1 5 4 8 20 1 6
9 3 251 N 4 1 5 4 9 20 1 6
10 3 259 11 0 2 5 4 10 20 1 7
11 3 260 12 1 2 5 4 11 20 1 7
12 3 261 13 2 2 5 4 12 20 1 7
13 3 262 14 3 2 5 4 13 20 1 7
14 3 263 N 4 2 5 4 14 20 1 7
15 3 271 16 0 3 5 4 15 20 1 8
16 3 272 17 1 3 5 4 16 20 1 8
17 3 273 18 2 3 5 4 17 20 1 8
18 3 274 19 3 3 5 4 18 20 1 8
19 3 275 N 4 3 5 4 19 20 1 8
0 3 235 1 0 0 5 4 0 20 1 5
1 3 236 2 1 0 5 4 1 20 1 5
2 3 237 3 2 0 5 4 2 20 1 5
3 3 238 4 3 0 5 4 3 20 1 5
4 3 239 N 4 0 5 4 4 20 1 5
5 3 247 6 0 1 5 4 5 20 1 6
6 3 248 7 1 1 5 4 6 20 1 6
7 3 249 8 2 1 5 4 7 20 1 6
8 3 250 9 3 1 5 4 8 20 1 6
9 3 251 N 4 1 5 4 9 20 1 6
10 3 259 11 0 2 5 4 10 20 1 7
11 3 260 12 1 2 5 4 11 20 1 7
12 3 261 13 2 2 5 4 12 20 1 7
13 3 262 14 3 2 5 4 13 20 1 7
14 3 263 N 4 2 5 4 14 20 1 7
15 3 271 16 0 3 5 4 15 20 1 8
16 3 272 17 1 3 5 4 16 20 1 8
17 3 273 18 2 3 5 4 17 20 1 8
18 3 274 19 3 3 5 4 18 20 1 8
19 3 275 N 4 3 5 4 19 20 1 8
0 3 403 1 0 0 5 4 0 20 2 5
1 3 404 2 1 0 5 4 1 20 2 5
2 3 405 3 2 0 5 4 2 20 2 5
3 3 406 4 3 0 5 4 3 20 2 5
4 3 407 N 4 0 5 4 4 20 2 5
5 3 415 6 0 1 5 4 5 20 2 6
6 3 416 7 1 1 5 4 6 20 2 6
7 3 417 8 2 1 5 4 7 20 2 6
8 3 418 9 3 1 5 4 8 20 2 6
9 3 419 N 4 1 5 4 9 20 2 6
10 3 427 11 0 2 5 4 10 20 2 7
11 3 428 12 1 2 5 4 11 20 2 7
12 3 429 13 2 2 5 4 12 20 2 7
13 3 430 14 3 2 5 4 13 20 2 7
14 3 431 N 4 2 5 4 14 20 2 7
15 3 439 16 0 3 5 4 15 20 2 8
16 3 440 17 1 3 5 4 16 20 2 8
17 3 441 18 2 3 5 4 17 20 2 8
18 3 442 19 3 3 5 4 18 20 2 8
19 3 443 N 4 3 5 4 19 20 2 8
0 3 403 1 0 0 5 4 0 20 2 5
1 3 404 2 1 0 5 4 1 20 2 5
2 3 405 3 2 0 5 4 2 20 2 5
3 3 406 4 3 0 5 4 3 20 2 5
4 3 407 N 4 0 5 4 4 20 2 5
5 3 415 6 0 1 5 4 5 20 2 6
6 3 416 7 1 1 5 4 6 20 2 6
7 3 417 8 2 1 5 4 7 20 2 6
8 3 418 9 3 1 5 4 8 20 2 6
9 3 419 N 4 1 5 4 9 20 2 6
10 3 427 11 0 2 5 4 10 20 2 7
11 3 428 12 1 2 5 4 11 20 2 7
12 3 429 13 2 2 5 4 12 20 2 7
13 3 430 14 3 2 5 4 13 20 2 7
14 3 431 N 4 2 5 4 14 20 2 7
15 3 439 16 0 3 5 4 15 20 2 8
16 3 440 17 1 3 5 4 16 20 2 8
17 3 441 18 2 3 5 4 17 20 2 8
18 3 442 19 3 3 5 4 18 20 2 8
19 3 443 N 4 3 5 4 19 20 2 8
0 3 235 1 0 0 5 4 0 20 1 5
1 3 236 2 1 0 5 4 1 20 1 5
2 3 237 3 2 0 5 4 2 20 1 5
3 3 238 4 3 0 5 4 3 20 1 5
4 3 239 N 4 0 5 4 4 20 1 5
5 3 247 6 0 1 5 4 5 20 1 6
6 3 248 7 1 1 5 4 6 20 1 6
7 3 249 8 2 1 5 4 7 20 1 6
8 3 250 9 3 1 5 4 8 20 1 6
9 3 251 N 4 1 5 4 9 20 1 6
10 3 259 11 0 2 5 4 10 20 1 7
11 3 260 12 1 2 5 4 11 20 1 7
12 3 261 13 2 2 5 4 12 20 1 7
13 3 262 14 3 2 5 4 13 20 1 7
14 3 263 N 4 2 5 4 14 20 1 7
15 3 271 16 0 3 5 4 15 20 1 8
16 3 272 17 1 3 5 4 16 20 1 8
17 3 273 18 2 3 5 4 17 20 1 8
18 3 274 19 3 3 5 4 18 20 1 8
19 3 275 N 4 3 5 4 19 20 1 8
0 3 235 1 0 0 5 4 0 20 1 5
1 3 236 2 1 0 5 4 1 20 1 5
2 3 237 3 2 0 5 4 2 20 1 5
3 3 238 4 3 0 5 4 3 20 1 5
4 3 239 N 4 0 5 4 4 20 1 5
5 3 247 6 0 1 5 4 5 20 1 6
6 3 248 7 1 1 5 4 6 20 1 6
7 3 249 8 2 1 5 4 7 20 1 6
8 3 250 9 3 1 5 4 8 20 1 6
9 3 251 N 4 1 5 4 9 20 1 6
10 3 259 11 0 2 5 4 10 20 1 7
11 3 260 12 1 2 5 4 11 20 1 7
12 3 261 13 2 2 5 4 12 20 1 7
13 3 262 14 3 2 5 4 13 20 1 7
14 3 263 N 4 2 5 4 14 20 1 7
15 3 271 16 0 3 5 4 15 20 1 8
16 3 272 17 1 3 5 4 16 20 1 8
17 3 273 18 2 3 5 4 17 20 1 8
18 3 274 19 3 3 5 4 18 20 1 8
19 3 275 N 4 3 5 4 19 20 1 8
0 3 403 1 0 0 5 4 0 20 2 5
1 3 404 2 1 0 5 4 1 20 2 5
2 3 405 3 2 0 5 4 2 20 2 5
3 3 406 4 3 0 5 4 3 20 2 5
4 3 407 N 4 0 5 4 4 20 2 5
5 3 415 6 0 1 5 4 5 20 2 6
6 3 416 7 1 1 5 4 6 20 2 6
7 3 417 8 2 1 5 4 7 20 2 6
8 3 418 9 3 1 5 4 8 20 2 6
9 3 419 N 4 1 5 4 9 20 2 6
10 3 427 11 0 2 5 4 10 20 2 7
11 3 428 12 1 2 5 4 11 20 2 7
12 3 429 13 2 2 5 4 12 20 2 7
13 3 430 14 3 2 5 4 13 20 2 7
14 3 431 N 4 2 5 4 14 20 2 7
15 3 439 16 0 3 5 4 15 20 2 8
16 3 440 17 1 3 5 4 16 20 2 8
17 3 441 18 2 3 5 4 17 20 2 8
18 3 442 19 3 3 5 4 18 20 2 8
19 3 443 N 4 3 5 4 19 20 2 8
0 3 403 1 0 0 5 4 0 20 2 5
1 3 404 2 1 0 5 4 1 20 2 5
2 3 405 3 2 0 5 4 2 20 2 5
3 3 406 4 3 0 5 4 3 20 2 5
4 3 407 N 4 0 5 4 4 20 2 5
5 3 415 6 0 1 5 4 5 20 2 6
6 3 416 7 1 1 5 4 6 20 2 6
7 3 417 8 2 1 5 4 7 20 2 6
8 3 418 9 3 1 5 4 8 20 2 6
9 3 419 N 4 1 5 4 9 20 2 6
10 3 427 11 0 2 5 4 10 20 2 7
11 3 428 12 1 2 5 4 11 20 2 7
12 3 429 13 2 2 5 4 12 20 2 7
13 3 430 14 3 2 5 4 13 20 2 7
14 3 431 N 4 2 5 4 14 20 2 7
15 3 439 16 0 3 5 4 15 20 2 8
16 3 440 17 1 3 5 4 16 20 2 8
17 3 441 18 2 3 5 4 17 20 2 8
18 3 442 19 3 3 5 4 18 20 2 8
19 3 443 N 4 3 5 4 19 20 2 8
0 4 278 1 0 0 5 4 0 20 1 9
1 4 279 2 1 0 5 4 1 20 1 9
2 4 280 3 2 0 5 4 2 20 1 9
3 4 281 4 3 0 5 4 3 20 1 9
4 4 282 N 4 0 5 4 4 20 1 9
5 4 290 6 0 1 5 4 5 20 1 10
6 4 291 7 1 1 5 4 6 20 1 10
7 4 292 8 2 1 5 4 7 20 1 10
8 4 293 9 3 1 5 4 8 20 1 10
9 4 294 N 4 1 5 4 9 20 1 10
10 4 302 11 0 2 5 4 10 20 1 11
11 4 303 12 1 2 5 4 11 20 1 11
12 4 304 13 2 2 5 4 12 20 1 11
13 4 305 14 3 2 5 4 13 20 1 11
14 4 306 N 4 2 5 4 14 20 1 11
15 4 314 16 0 3 5 4 15 20 1 12
16 4 315 17 1 3 5 4 16 20 1 12
17 4 316 18 2 3 5 4 17 20 1 12
18 4 317 19 3 3 5 4 18 20 1 12
19 4 318 N 4 3 5 4 19 20 1 12
0 4 278 1 0 0 5 4 0 20 1 9
1 4 279 2 1 0 5 4 1 20 1 9
2 4 280 3 2 0 5 4 2 20 1 9
3 4 281 4 3 0 5 4 3 20 1 9
4 4 282 N 4 0 5 4 4 20 1 9
5 4 290 6 0 1 5 4 5 20 1 10
6 4 291 7 1 1 5 4 6 20 1 10
7 4 292 8 2 1 5 4 7 20 1 10
8 4 293 9 3 1 5 4 8 20 1 10
9 4 294 N 4 1 5 4 9 20 1 10
10 4 302 11 0 2 5 4 10 20 1 11
11 4 303 12 1 2 5 4 11 20 1 11
12 4 304 13 2 2 5 4 12 20 1 11
13 4 305 14 3 2 5 4 13 20 1 11
14 4 306 N 4 2 5 4 14 20 1 11
15 4 314 16 0 3 5 4 15 20 1 12
16 4 315 17 1 3 5 4 16 20 1 12
17 4 316 18 2 3 5 4 17 20 1 12
18 4 317 19 3 3 5 4 18 20 1 12
19 4 318 N 4 3 5 4 19 20 1 12
0 4 446 1 0 0 5 4 0 20 2 9
1 4 447 2 1 0 5 4 1 20 2 9
2 4 448 3 2 0 5 4 2 20 2 9
3 4 449 4 3 0 5 4 3 20 2 9
4 4 450 N 4 0 5 4 4 20 2 9
5 4 458 6 0 1 5 4 5 20 2 10
6 4 459 7 1 1 5 4 6 20 2 10
7 4 460 8 2 1 5 4 7 20 2 10
8 4 461 9 3 1 5 4 8 20 2 10
9 4 462 N 4 1 5 4 9 20 2 10
10 4 470 11 0 2 5 4 10 20 2 11
11 4 471 12 1 2 5 4 11 20 2 11
12 4 472 13 2 2 5 4 12 20 2 11
13 4 473 14 3 2 5 4 13 20 2 11
14 4 474 N 4 2 5 4 14 20 2 11
15 4 482 16 0 3 5 4 15 20 2 12
16 4 483 17 1 3 5 4 16 20 2 12
17 4 484 18 2 3 5 4 17 20 2 12
18 4 485 19 3 3 5 4 18 20 2 12
19 4 486 N 4 3 5 4 19 20 2 12
0 4 446 1 0 0 5 4 0 20 2 9
1 4 447 2 1 0 5 4 1 20 2 9
2 4 448 3 2 0 5 4 2 20 2 9
3 4 449 4 3 0 5 4 3 20 2 9
4 4 450 N 4 0 5 4 4 20 2 9
5 4 458 6 0 1 5 4 5 20 2 10
6 4 459 7 1 1 5 4 6 20 2 10
7 4 460 8 2 1 5 4 7 20 2 10
8 4 461 9 3 1 5 4 8 20 2 10
9 4 462 N 4 1 5 4 9 20 2 10
10 4 470 11 0 2 5 4 10 20 2 11
11 4 471 12 1 2 5 4 11 20 2 11
12 4 472 13 2 2 5 4 12 20 2 11
13 4 473 14 3 2 5 4 13 20 2 11
14 4 474 N 4 2 5 4 14 20 2 11
15 4 482 16 0 3 5 4 15 20 2 12
16 4 483 17 1 3 5 4 16 20 2 12
17 4 484 18 2 3 5 4 17 20 2 12
18 4 485 19 3 3 5 4 18 20 2 12
19 4 486 N 4 3 5 4 19 20 2 12
0 4 278 1 0 0 5 4 0 20 1 9
1 4 279 2 1 0 5 4 1 20 1 9
2 4 280 3 2 0 5 4 2 20 1 9
3 4 281 4 3 0 5 4 3 20 1 9
4 4 282 N 4 0 5 4 4 20 1 9
5 4 290 6 0 1 5 4 5 20 1 10
6 4 291 7 1 1 5 4 6 20 1 10
7 4 292 8 2 1 5 4 7 20 1 10
8 4 293 9 3 1 5 4 8 20 1 10
9 4 294 N 4 1 5 4 9 20 1 10
10 4 302 11 0 2 5 4 10 20 1 11
11 4 303 12 1 2 5 4 11 20 1 11
12 4 304 13 2 2 5 4 12 20 1 11
13 4 305 14 3 2 5 4 13 20 1 11
14 4 306 N 4 2 5 4 14 20 1 11
15 4 314 16 0 3 5 4 15 20 1 12
16 4 315 17 1 3 5 4 16 20 1 12
17 4 316 18 2 3 5 4 17 20 1 12
18 4 317 19 3 3 5 4 18 20 1 12
19 4 318 N 4 3 5 4 19 20 1 12
0 4 278 1 0 0 5 4 0 20 1 9
1 4 279 2 1 0 5 4 1 20 1 9
2 4 280 3 2 0 5 4 2 20 1 9
3 4 281 4 3 0 5 4 3 20 1 9
4 4 282 N 4 0 5 4 4 20 1 9
5 4 290 6 0 1 5 4 5 20 1 10
6 4 291 7 1 1 5 4 6 20 1 10
7 4 292 8 2 1 5 4 7 20 1 10
8 4 293 9 3 1 5 4 8 20 1 10
9 4 294 N 4 1 5 4 9 20 1 10
10 4 302 11 0 2 5 4 10 20 1 11
11 4 303 12 1 2 5 4 11 20 1 11
12 4 304 13 2 2 5 4 12 20 1 11
13 4 305 14 3 2 5 4 13 20 1 11
14 4 306 N 4 2 5 4 14 20 1 11
15 4 314 16 0 3 5 4 15 20 1 12
16 4 315 17 1 3 5 4 16 20 1 12
17 4 316 18 2 3 5 4 17 20 1 12
18 4 317 19 3 3 5 4 18 20 1 12
19 4 318 N 4 3 5 4 19 20 1 12
0 4 446 1 0 0 5 4 0 20 2 9
1 4 447 2 1 0 5 4 1 20 2 9
2 4 448 3 2 0 5 4 2 20 2 9
3 4 449 4 3 0 5 4 3 20 2 9
4 4 450 N 4 0 5 4 4 20 2 9
5 4 458 6 0 1 5 4 5 20 2 10
6 4 459 7 1 1 5 4 6 20 2 10
7 4 460 8 2 1 5 4 7 20 2 10
8 4 461 9 3 1 5 4 8 20 2 10
9 4 462 N 4 1 5 4 9 20 2 10
10 4 470 11 0 2 5 4 10 20 2 11
11 4 471 12 1 2 5 4 11 20 2 11
12 4 472 13 2 2 5 4 12 20 2 11
13 4 473 14 3 2 5 4 13 20 2 11
14 4 474 N 4 2 5 4 14 20 2 11
15 4 482 16 0 3 5 4 15 20 2 12
16 4 483 17 1 3 5 4 16 20 2 12
17 4 484 18 2 3 5 4 17 20 2 12
18 4 485 19 3 3 5 4 18 20 2 12
19 4 486 N 4 3 5 4 19 20 2 12
0 4 446 1 0 0 5 4 0 20 2 9
1 4 447 2 1 0 5 4 1 20 2 9
2 4 448 3 2 0 5 4 2 20 2 9
3 4 449 4 3 0 5 4 3 20 2 9
4 4 450 N 4 0 5 4 4 20 2 9
5 4 458 6 0 1 5 4 5 20 2 10
6 4 459 7 1 1 5 4 6 20 2 10
7 4 460 8 2 1 5 4 7 20 2 10
8 4 461 9 3 1 5 4 8 20 2 10
9 4 462 N 4 1 5 4 9 20 2 10
10 4 470 11 0 2 5 4 10 20 2 11
11 4 471 12 1 2 5 4 11 20 2 11
12 4 472 13 2 2 5 4 12 20 2 11
13 4 473 14 3 2 5 4 13 20 2 11
14 4 474 N 4 2 5 4 14 20 2 11
15 4 482 16 0 3 5 4 15 20 2 12
16 4 483 17 1 3 5 4 16 20 2 12
17 4 484 18 2 3 5 4 17 20 2 12
18 4 485 19 3 3 5 4 18 20 2 12
19 4 486 N 4 3 5 4 19 20 2 12
0 4 278 1 0 0 5 4 0 20 1 9
1 4 279 2 1 0 5 4 1 20 1 9
2 4 280 3 2 0 5 4 2 20 1 9
3 4 281 4 3 0 5 4 3 20 1 9
4 4 282 N 4 0 5 4 4 20 1 9
5 4 290 6 0 1 5 4 5 20 1 10
6 4 291 7 1 1 5 4 6 20 1 10
7 4 292 8 2 1 5 4 7 20 1 10
8 4 293 9 3 1 5 4 8 20 1 10
9 4 294 N 4 1 5 4 9 20 1 10
10 4 302 11 0 2 5 4 10 20 1 11
11 4 303 12 1 2 5 4 11 20 1 11
12 4 304 13 2 2 5 4 12 20 1 11
13 4 305 14 3 2 5 4 13 20 1 11
14 4 306 N 4 2 5 4 14 20 1 11
15 4 314 16 0 3 5 4 15 20 1 12
16 4 315 17 1 3 5 4 16 20 1 12
17 4 316 18 2 3 5 4 17 20 1 12
18 4 317 19 3 3 5 4 18 20 1 12
19 4 318 N 4 3 5 4 19 20 1 12
0 4 278 1 0 0 5 4 0 20 1 9
1 4 279 2 1 0 5 4 1 20 1 9
2 4 280 3 2 0 5 4 2 20 1 9
3 4 281 4 3 0 5 4 3 20 1 9
4 4 282 N 4 0 5 4 4 20 1 9
5 4 290 6 0 1 5 4 5 20 1 10
6 4 291 7 1 1 5 4 6 20 1 10
7 4 292 8 2 1 5 4 7 20 1 10
8 4 293 9 3 1 5 4 8 20 1 10
9 4 294 N 4 1 5 4 9 20 1 10
10 4 302 11 0 2 5 4 10 20 1 11
11 4 303 12 1 2 5 4 11 20 1 11
12 4 304 13 2 2 5 4 12 20 1 11
13 4 305 14 3 2 5 4 13 20 1 11
14 4 306 N 4 2 5 4 14 20 1 11
15 4 314 16 0 3 5 4 15 20 1 12
16 4 315 17 1 3 5 4 16 20 1 12
17 4 316 18 2 3 5 4 17 20 1 12
18 4 317 19 3 3 5 4 18 20 1 12
19 4 318 N 4 3 5 4 19 20 1 12
0 4 446 1 0 0 5 4 0 20 2 9
1 4 447 2 1 0 5 4 1 20 2 9
2 4 448 3 2 0 5 4 2 20 2 9
3 4 449 4 3 0 5 4 3 20 2 9
4 4 450 N 4 0 5 4 4 20 2 9
5 4 458 6 0 1 5 4 5 20 2 10
6 4 459 7 1 1 5 4 6 20 2 10
7 4 460 8 2 1 5 4 7 20 2 10
8 4 461 9 3 1 5 4 8 20 2 10
9 4 462 N 4 1 5 4 9 20 2 10
10 4 470 11 0 2 5 4 10 20 2 11
11 4 471 12 1 2 5 4 11 20 2 11
12 4 472 13 2 2 5 4 12 20 2 11
13 4 473 14 3 2 5 4 13 20 2 11
14 4 474 N 4 2 5 4 14 20 2 11
15 4 482 16 0 3 5 4 15 20 2 12
16 4 483 17 1 3 5 4 16 20 2 12
17 4 484 18 2 3 5 4 17 20 2 12
18 4 485 19 3 3 5 4 18 20 2 12
19 4 486 N 4 3 5 4 19 20 2 12
0 4 446 1 0 0 5 4 0 20 2 9
1 4 447 2 1 0 5 4 1 20 2 9
2 4 448 3 2 0 5 4 2 20 2 9
3 4 449 4 3 0 5 4 3 20 2 9
4 4 450 N 4 0 5 4 4 20 2 9
5 4 458 6 0 1 5 4 5 20 2 10
6 4 459 7 1 1 5 4 6 20 2 10
7 4 460 8 2 1 5 4 7 20 2 10
8 4 461 9 3 1 5 4 8 20 2 10
9 4 462 N 4 1 5 4 9 20 2 10
10 4 470 11 0 2 5 4 10 20 2 11
11 4 471 12 1 2 5 4 11 20 2 11
12 4 472 13 2 2 5 4 12 20 2 11
13 4 473 14 3 2 5 4 13 20 2 11
14 4 474 N 4 2 5 4 14 20 2 11
15 4 482 16 0 3 5 4 15 20 2 12
16 4 483 17 1 3 5 4 16 20 2 12
17 4 484 18 2 3 5 4 17 20 2 12
18 4 485 19 3 3 5 4 18 20 2 12
19 4 486 N 4 3 5 4 19 20 2 12
0 5 283 1 0 0 5 4 0 20 1 9
1 5 284 2 1 0 5 4 1 20 1 9
2 5 285 3 2 0 5 4 2 20 1 9
3 5 286 4 3 0 5 4 3 20 1 9
4 5 287 N 4 0 5 4 4 20 1 9
5 5 295 6 0 1 5 4 5 20 1 10
6 5 296 7 1 1 5 4 6 20 1 10
7 5 297 8 2 1 5 4 7 20 1 10
8 5 298 9 3 1 5 4 8 20 1 10
9 5 299 N 4 1 5 4 9 20 1 10
10 5 307 11 0 2 5 4 10 20 1 11
11 5 308 12 1 2 5 4 11 20 1 11
12 5 309 13 2 2 5 4 12 20 1 11
13 5 310 14 3 2 5 4 13 20 1 11
14 5 311 N 4 2 5 4 14 20 1 11
15 5 319 16 0 3 5 4 15 20 1 12
16 5 320 17 1 3 5 4 16 20 1 12
17 5 321 18 2 3 5 4 17 20 1 12
18 5 322 19 3 3 5 4 18 20 1 12
19 5 323 N 4 3 5 4 19 20 1 12
0 5 283 1 0 0 5 4 0 20 1 9
1 5 284 2 1 0 5 4 1 20 1 9
2 5 285 3 2 0 5 4 2 20 1 9
3 5 286 4 3 0 5 4 3 20 1 9
4 5 287 N 4 0 5 4 4 20 1 9
5 5 295 6 0 1 5 4 5 20 1 10
6 5 296 7 1 1 5 4 6 20 1 10
7 5 297 8 2 1 5 4 7 20 1 10
8 5 298 9 3 1 5 4 8 20 1 10
9 5 299 N 4 1 5 4 9 20 1 10
10 5 307 11 0 2 5 4 10 20 1 11
11 5 308 12 1 2 5 4 11 20 1 11
12 5 309 13 2 2 5 4 12 20 1 11
13 5 310 14 3 2 5 4 13 20 1 11
14 5 311 N 4 2 5 4 14 20 1 11
15 5 319 16 0 3 5 4 15 20 1 12
16 5 320 17 1 3 5 4 16 20 1 12
17 5 321 18 2 3 5 4 17 20 1 12
18 5 322 19 3 3 5 4 18 20 1 12
19 5 323 N 4 3 5 4 19 20 1 12
0 5 451 1 0 0 5 4 0 20 2 9
1 5 452 2 1 0 5 4 1 20 2 9
2 5 453 3 2 0 5 4 2 20 2 9
3 5 454 4 3 0 5 4 3 20 2 9
4 5 455 N 4 0 5 4 4 20 2 9
5 5 463 6 0 1 5 4 5 20 2 10
6 5 464 7 1 1 5 4 6 20 2 10
7 5 465 8 2 1 5 4 7 20 2 10
8 5 466 9 3 1 5 4 8 20 2 10
9 5 467 N 4 1 5 4 9 20 2 10
10 5 475 11 0 2 5 4 10 20 2 11
11 5 476 12 1 2 5 4 11 20 2 11
12 5 477 13 2 2 5 4 12 20 2 11
13 5 478 14 3 2 5 4 13 20 2 11
14 5 479 N 4 2 5 4 14 20 2 11
15 5 487 16 0 3 5 4 15 20 2 12
16 5 488 17 1 3 5 4 16 20 2 12
17 5 489 18 2 3 5 4 17 20 2 12
18 5 490 19 3 3 5 4 18 20 2 12
19 5 491 N 4 3 5 4 19 20 2 12
0 5 451 1 0 0 5 4 0 20 2 9
1 5 452 2 1 0 5 4 1 20 2 9
2 5 453 3 2 0 5 4 2 20 2 9
3 5 454 4 3 0 5 4 3 20 2 9
4 5 455 N 4 0 5 4 4 20 2 9
5 5 463 6 0 1 5 4 5 20 2 10
6 5 464 7 1 1 5 4 6 20 2 10
7 5 465 8 2 1 5 4 7 20 2 10
8 5 466 9 3 1 5 4 8 20 2 10
9 5 467 N 4 1 5 4 9 20 2 10
10 5 475 11 0 2 5 4 10 20 2 11
11 5 476 12 1 2 5 4 11 20 2 11
12 5 477 13 2 2 5 4 12 20 2 11
13 5 478 14 3 2 5 4 13 20 2 11
14 5 479 N 4 2 5 4 14 20 2 11
15 5 487 16 0 3 5 4 15 20 2 12
16 5 488 17 1 3 5 4 16 20 2 12
17 5 489 18 2 3 5 4 17 20 2 12
18 5 490 19 3 3 5 4 18 20 2 12
19 5 491 N 4 3 5 4 19 20 2 12
0 5 283 1 0 0 5 4 0 20 1 9
1 5 284 2 1 0 5 4 1 20 1 9
2 5 285 3 2 0 5 4 2 20 1 9
3 5 286 4 3 0 5 4 3 20 1 9
4 5 287 N 4 0 5 4 4 20 1 9
5 5 295 6 0 1 5 4 5 20 1 10
6 5 296 7 1 1 5 4 6 20 1 10
7 5 297 8 2 1 5 4 7 20 1 10
8 5 298 9 3 1 5 4 8 20 1 10
9 5 299 N 4 1 5 4 9 20 1 10
10 5 307 11 0 2 5 4 10 20 1 11
11 5 308 12 1 2 5 4 11 20 1 11
12 5 309 13 2 2 5 4 12 20 1 11
13 5 310 14 3 2 5 4 13 20 1 11
14 5 311 N 4 2 5 4 14 20 1 11
15 5 319 16 0 3 5 4 15 20 1 12
16 5 320 17 1 3 5 4 16 20 1 12
17 5 321 18 2 3 5 4 17 20 1 12
18 5 322 19 3 3 5 4 18 20 1 12
19 5 323 N 4 3 5 4 19 20 1 12
0 5 283 1 0 0 5 4 0 20 1 9
1 5 284 2 1 0 5 4 1 20 1 9
2 5 285 3 2 0 5 4 2 20 1 9
3 5 286 4 3 0 5 4 3 20 1 9
4 5 287 N 4 0 5 4 4 20 1 9
5 5 295 6 0 1 5 4 5 20 1 10
6 5 296 7 1 1 5 4 6 20 1 10
7 5 297 8 2 1 5 4 7 20 1 10
8 5 298 9 3 1 5 4 8 20 1 10
9 5 299 N 4 1 5 4 9 20 1 10
10 5 307 11 0 2 5 4 10 20 1 11
11 5 308 12 1 2 5 4 11 20 1 11
12 5 309 13 2 2 5 4 12 20 1 11
13 5 310 14 3 2 5 4 13 20 1 11
14 5 311 N 4 2 5 4 14 20 1 11
15 5 319 16 0 3 5 4 15 20 1 12
16 5 320 17 1 3 5 4 16 20 1 12
17 5 321 18 2 3 5 4 17 20 1 12
18 5 322 19 3 3 5 4 18 20 1 12
19 5 323 N 4 3 5 4 19 20 1 12
0 5 451 1 0 0 5 4 0 20 2 9
1 5 452 2 1 0 5 4 1 20 2 9
2 5 453 3 2 0 5 4 2 20 2 9
3 5 454 4 3 0 5 4 3 20 2 9
4 5 455 N 4 0 5 4 4 20 2 9
5 5 463 6 0 1 5 4 5 20 2 10
6 5 464 7 1 1 5 4 6 20 2 10
7 5 465 8 2 1 5 4 7 20 2 10
8 5 466 9 3 1 5 4 8 20 2 10
9 5 467 N 4 1 5 4 9 20 2 10
10 5 475 11 0 2 5 4 10 20 2 11
11 5 476 12 1 2 5 4 11 20 2 11
12 5 477 13 2 2 5 4 12 20 2 11
13 5 478 14 3 2 5 4 13 20 2 11
14 5 479 N 4 2 5 4 14 20 2 11
15 5 487 16 0 3 5 4 15 20 2 12
16 5 488 17 1 3 5 4 16 20 2 12
17 5 489 18 2 3 5 4 17 20 2 12
18 5 490 19 3 3 5 4 18 20 2 12
19 5 491 N 4 3 5 4 19 20 2 12
0 5 451 1 0 0 5 4 0 20 2 9
1 5 452 2 1 0 5 4 1 20 2 9
2 5 453 3 2 0 5 4 2 20 2 9
3 5 454 4 3 0 5 4 3 20 2 9
4 5 455 N 4 0 5 4 4 20 2 9
5 5 463 6 0 1 5 4 5 20 2 10
6 5 464 7 1 1 5 4 6 20 2 10
7 5 465 8 2 1 5 4 7 20 2 10
8 5 466 9 3 1 5 4 8 20 2 10
9 5 467 N 4 1 5 4 9 20 2 10
10 5 475 11 0 2 5 4 10 20 2 11
11 5 476 12 1 2 5 4 11 20 2 11
12 5 477 13 2 2 5 4 12 20 2 11
13 5 478 14 3 2 5 4 13 20 2 11
14 5 479 N 4 2 5 4 14 20 2 11
15 5 487 16 0 3 5 4 15 20 2 12
16 5 488 17 1 3 5 4 16 20 2 12
17 5 489 18 2 3 5 4 17 20 2 12
18 5 490 19 3 3 5 4 18 20 2 12
19 5 491 N 4 3 5 4 19 20 2 12
0 5 283 1 0 0 5 4 0 20 1 9
1 5 284 2 1 0 5 4 1 20 1 9
2 5 285 3 2 0 5 4 2 20 1 9
3 5 286 4 3 0 5 4 3 20 1 9
4 5 287 N 4 0 5 4 4 20 1 9
5 5 295 6 0 1 5 4 5 20 1 10
6 5 296 7 1 1 5 4 6 20 1 10
7 5 297 8 2 1 5 4 7 20 1 10
8 5 298 9 3 1 5 4 8 20 1 10
9 5 299 N 4 1 5 4 9 20 1 10
10 5 307 11 0 2 5 4 10 20 1 11
11 5 308 12 1 2 5 4 11 20 1 11
12 5 309 13 2 2 5 4 12 20 1 11
13 5 310 14 3 2 5 4 13 20 1 11
14 5 311 N 4 2 5 4 14 20 1 11
15 5 319 16 0 3 5 4 15 20 1 12
16 5 320 17 1 3 5 4 16 20 1 12
17 5 321 18 2 3 5 4 17 20 1 12
18 5 322 19 3 3 5 4 18 20 1 12
19 5 323 N 4 3 5 4 19 20 1 12
0 5 283 1 0 0 5 4 0 20 1 9
1 5 284 2 1 0 5 4 1 20 1 9
2 5 285 3 2 0 5 4 2 20 1 9
3 5 286 4 3 0 5 4 3 20 1 9
4 5 287 N 4 0 5 4 4 20 1 9
5 5 295 6 0 1 5 4 5 20 1 10
6 5 296 7 1 1 5 4 6 20 1 10
7 5 297 8 2 1 5 4 7 20 1 10
8 5 298 9 3 1 5 4 8 20 1 10
9 5 299 N 4 1 5 4 9 20 1 10
10 5 307 11 0 2 5 4 10 20 1 11
11 5 308 12 1 2 5 4 11 20 1 11
12 5 309 13 2 2 5 4 12 20 1 11
13 5 310 14 3 2 5 4 13 20 1 11
14 5 311 N 4 2 5 4 14 20 1 11
15 5 319 16 0 3 5 4 15 20 1 12
16 5 320 17 1 3 5 4 16 20 1 12
17 5 321 18 2 3 5 4 17 20 1 12
18 5 322 19 3 3 5 4 18 20 1 12
19 5 323 N 4 3 5 4 19 20 1 12
0 5 451 1 0 0 5 4 0 20 2 9
1 5 452 2 1 0 5 4 1 20 2 9
2 5 453 3 2 0 5 4 2 20 2 9
3 5 454 4 3 0 5 4 3 20 2 9
4 5 455 N 4 0 5 4 4 20 2 9
5 5 463 6 0 1 5 4 5 20 2 10
6 5 464 7 1 1 5 4 6 20 2 10
7 5 465 8 2 1 5 4 7 20 2 10
8 5 466 9 3 1 5 4 8 20 2 10
9 5 467 N 4 1 5 4 9 20 2 10
10 5 475 11 0 2 5 4 10 20 2 11
11 5 476 12 1 2 5 4 11 20 2 11
12 5 477 13 2 2 5 4 12 20 2 11
13 5 478 14 3 2 5 4 13 20 2 11
14 5 479 N 4 2 5 4 14 20 2 11
15 5 487 16 0 3 5 4 15 20 2 12
16 5 488 17 1 3 5 4 16 20 2 12
17 5 489 18 2 3 5 4 17 20 2 12
18 5 490 19 3 3 5 4 18 20 2 12
19 5 491 N 4 3 5 4 19 20 2 12
0 5 451 1 0 0 5 4 0 20 2 9
1 5 452 2 1 0 5 4 1 20 2 9
2 5 453 3 2 0 5 4 2 20 2 9
3 5 454 4 3 0 5 4 3 20 2 9
4 5 455 N 4 0 5 4 4 20 2 9
5 5 463 6 0 1 5 4 5 20 2 10
6 5 464 7 1 1 5 4 6 20 2 10
7 5 465 8 2 1 5 4 7 20 2 10
8 5 466 9 3 1 5 4 8 20 2 10
9 5 467 N 4 1 5 4 9 20 2 10
10 5 475 11 0 2 5 4 10 20 2 11
11 5 476 12 1 2 5 4 11 20 2 11
12 5 477 13 2 2 5 4 12 20 2 11
13 5 478 14 3 2 5 4 13 20 2 11
14 5 479 N 4 2 5 4 14 20 2 11
15 5 487 16 0 3 5 4 15 20 2 12
16 5 488 17 1 3 5 4 16 20 2 12
17 5 489 18 2 3 5 4 17 20 2 12
18 5 490 19 3 3 5 4 18 20 2 12
19 5 491 N 4 3 5 4 19 20 2 12
0 0 182 1 0 0 5 4 0 20 1 1
1 0 183 2 1 0 5 4 1 20 1 1
2 0 184 3 2 0 5 4 2 20 1 1
3 0 185 4 3 0 5 4 3 20 1 1
4 0 186 N 4 0 5 4 4 20 1 1
5 0 194 6 0 1 5 4 5 20 1 2
6 0 195 7 1 1 5 4 6 20 1 2
7 0 196 8 2 1 5 4 7 20 1 2
8 0 197 9 3 1 5 4 8 20 1 2
9 0 198 N 4 1 5 4 9 20 1 2
10 0 206 11 0 2 5 4 10 20 1 3
11 0 207 12 1 2 5 4 11 20 1 3
12 0 208 13 2 2 5 4 12 20 1 3
13 0 209 14 3 2 5 4 13 20 1 3
14 0 210 N 4 2 5 4 14 20 1 3
15 0 218 16 0 3 5 4 15 20 1 4
16 0 219 17 1 3 5 4 16 20 1 4
17 0 220 18 2 3 5 4 17 20 1 4
18 0 221 19 3 3 5 4 18 20 1 4
19 0 222 N 4 3 5 4 19 20 1 4
0 0 182 1 0 0 5 4 0 20 1 1
1 0 183 2 1 0 5 4 1 20 1 1
2 0 184 3 2 0 5 4 2 20 1 1
3 0 185 4 3 0 5 4 3 20 1 1
4 0 186 N 4 0 5 4 4 20 1 1
5 0 194 6 0 1 5 4 5 20 1 2
6 0 195 7 1 1 5 4 6 20 1 2
7 0 196 8 2 1 5 4 7 20 1 2
8 0 197 9 3 1 5 4 8 20 1 2
9 0 198 N 4 1 5 4 9 20 1 2
10 0 206 11 0 2 5 4 10 20 1 3
11 0 207 12 1 2 5 4 11 20 1 3
12 0 208 13 2 2 5 4 12 20 1 3
13 0 209 14 3 2 5 4 13 20 1 3
14 0 210 N 4 2 5 4 14 20 1 3
15 0 218 16 0 3 5 4 15 20 1 4
16 0 219 17 1 3 5 4 16 20 1 4
17 0 220 18 2 3 5 4 17 20 1 4
18 0 221 19 3 3 5 4 18 20 1 4
19 0 222 N 4 3 5 4 19 20 1 4
0 0 350 1 0 0 5 4 0 20 2 1
1 0 351 2 1 0 5 4 1 20 2 1
2 0 352 3 2 0 5 4 2 20 2 1
3 0 353 4 3 0 5 4 3 20 2 1
4 0 354 N 4 0 5 4 4 20 2 1
5 0 362 6 0 1 5 4 5 20 2 2
6 0 363 7 1 1 5 4 6 20 2 2
7 0 364 8 2 1 5 4 7 20 2 2
8 0 365 9 3 1 5 4 8 20 2 2
9 0 366 N 4 1 5 4 9 20 2 2
10 0 374 11 0 2 5 4 10 20 2 3
11 0 375 12 1 2 5 4 11 20 2 3
12 0 376 13 2 2 5 4 12 20 2 3
13 0 377 14 3 2 5 4 13 20 2 3
14 0 378 N 4 2 5 4 14 20 2 3
15 0 386 16 0 3 5 4 15 20 2 4
16 0 387 17 1 3 5 4 16 20 2 4
17 0 388 18 2 3 5 4 17 20 2 4
18 0 389 19 3 3 5 4 18 20 2 4
19 0 390 N 4 3 5 4 19 20 2 4
0 0 350 1 0 0 5 4 0 20 2 1
1 0 351 2 1 0 5 4 1 20 2 1
2 0 352 3 2 0 5 4 2 20 2 1
3 0 353 4 3 0 5 4 3 20 2 1
4 0 354 N 4 0 5 4 4 20 2 1
5 0 362 6 0 1 5 4 5 20 2 2
6 0 363 7 1 1 5 4 6 20 2 2
7 0 364 8 2 1 5 4 7 20 2 2
8 0 365 9 3 1 5 4 8 20 2 2
9 0 366 N 4 1 5 4 9 20 2 2
10 0 374 11 0 2 5 4 10 20 2 3
11 0 375 12 1 2 5 4 11 20 2 3
12 0 376 13 2 2 5 4 12 20 2 3
13 0 377 14 3 2 5 4 13 20 2 3
14 0 378 N 4 2 5 4 14 20 2 3
15 0 386 16 0 3 5 4 15 20 2 4
16 0 387 17 1 3 5 4 16 20 2 4
17 0 388 18 2 3 5 4 17 20 2 4
18 0 389 19 3 3 5 4 18 20 2 4
19 0 390 N 4 3 5 4 19 20 2 4
0 0 182 1 0 0 5 4 0 20 1 1
1 0 183 2 1 0 5 4 1 20 1 1
2 0 184 3 2 0 5 4 2 20 1 1
3 0 185 4 3 0 5 4 3 20 1 1
4 0 186 N 4 0 5 4 4 20 1 1
5 0 194 6 0 1 5 4 5 20 1 2
6 0 195 7 1 1 5 4 6 20 1 2
7 0 196 8 2 1 5 4 7 20 1 2
8 0 197 9 3 1 5 4 8 20 1 2
9 0 198 N 4 1 5 4 9 20 1 2
10 0 206 11 0 2 5 4 10 20 1 3
11 0 207 12 1 2 5 4 11 20 1 3
12 0 208 13 2 2 5 4 12 20 1 3
13 0 209 14 3 2 5 4 13 20 1 3
14 0 210 N 4 2 5 4 14 20 1 3
15 0 218 16 0 3 5 4 15 20 1 4
16 0 219 17 1 3 5 4 16 20 1 4
17 0 220 18 2 3 5 4 17 20 1 4
18 0 221 19 3 3 5 4 18 20 1 4
19 0 222 N 4 3 5 4 19 20 1 4
0 0 182 1 0 0 5 4 0 20 1 1
1 0 183 2 1 0 5 4 1 20 1 1
2 0 184 3 2 0 5 4 2 20 1 1
3 0 185 4 3 0 5 4 3 20 1 1
4 0 186 N 4 0 5 4 4 20 1 1
5 0 194 6 0 1 5 4 5 20 1 2
6 0 195 7 1 1 5 4 6 20 1 2
7 0 196 8 2 1 5 4 7 20 1 2
8 0 197 9 3 1 5 4 8 20 1 2
9 0 198 N 4 1 5 4 9 20 1 2
10 0 206 11 0 2 5 4 10 20 1 3
11 0 207 12 1 2 5 4 11 20 1 3
12 0 208 13 2 2 5 4 12 20 1 3
13 0 209 14 3 2 5 4 13 20 1 3
14 0 210 N 4 2 5 4 14 20 1 3
15 0 218 16 0 3 5 4 15 20 1 4
16 0 219 17 1 3 5 4 16 20 1 4
17 0 220 18 2 3 5 4 17 20 1 4
18 0 221 19 3 3 5 4 18 20 1 4
19 0 222 N 4 3 5 4 19 20 1 4
0 0 350 1 0 0 5 4 0 20 2 1
1 0 351 2 1 0 5 4 1 20 2 1
2 0 352 3 2 0 5 4 2 20 2 1
3 0 353 4 3 0 5 4 3 20 2 1
4 0 354 N 4 0 5 4 4 20 2 1
5 0 362 6 0 1 5 4 5 20 2 2
6 0 363 7 1 1 5 4 6 20 2 2
7 0 364 8 2 1 5 4 7 20 2 2
8 0 365 9 3 1 5 4 8 20 2 2
9 0 366 N 4 1 5 4 9 20 2 2
10 0 374 11 0 2 5 4 10 20 2 3
11 0 375 12 1 2 5 4 11 20 2 3
12 0 376 13 2 2 5 4 12 20 2 3
13 0 377 14 3 2 5 4 13 20 2 3
14 0 378 N 4 2 5 4 14 20 2 3
15 0 386 16 0 3 5 4 15 20 2 4
16 0 387 17 1 3 5 4 16 20 2 4
17 0 388 18 2 3 5 4 17 20 2 4
18 0 389 19 3 3 5 4 18 20 2 4
19 0 390 N 4 3 5 4 19 20 2 4
0 0 350 1 0 0 5 4 0 20 2 1
1 0 351 2 1 0 5 4 1 20 2 1
2 0 352 3 2 0 5 4 2 20 2 1
3 0 353 4 3 0 5 4 3 20 2 1
4 0 354 N 4 0 5 4 4 20 2 1
5 0 362 6 0 1 5 4 5 20 2 2
6 0 363 7 1 1 5 4 6 20 2 2
7 0 364 8 2 1 5 4 7 20 2 2
8 0 365 9 3 1 5 4 8 20 2 2
9 0 366 N 4 1 5 4 9 20 2 2
10 0 374 11 0 2 5 4 10 20 2 3
11 0 375 12 1 2 5 4 11 20 2 3
12 0 376 13 2 2 5 4 12 20 2 3
13 0 377 14 3 2 5 4 13 20 2 3
14 0 378 N 4 2 5 4 14 20 2 3
15 0 386 16 0 3 5 4 15 20 2 4
16 0 387 17 1 3 5 4 16 20 2 4
17 0 388 18 2 3 5 4 17 20 2 4
18 0 389 19 3 3 5 4 18 20 2 4
19 0 390 N 4 3 5 4 19 20 2 4
0 0 182 1 0 0 5 4 0 20 1 1
1 0 183 2 1 0 5 4 1 20 1 1
2 0 184 3 2 0 5 4 2 20 1 1
3 0 185 4 3 0 5 4 3 20 1 1
4 0 186 N 4 0 5 4 4 20 1 1
5 0 194 6 0 1 5 4 5 20 1 2
6 0 195 7 1 1 5 4 6 20 1 2
7 0 196 8 2 1 5 4 7 20 1 2
8 0 197 9 3 1 5 4 8 20 1 2
9 0 198 N 4 1 5 4 9 20 1 2
10 0 206 11 0 2 5 4 10 20 1 3
11 0 207 12 1 2 5 4 11 20 1 3
12 0 208 13 2 2 5 4 12 20 1 3
13 0 209 14 3 2 5 4 13 20 1 3
14 0 210 N 4 2 5 4 14 20 1 3
15 0 218 16 0 3 5 4 15 20 1 4
16 0 219 17 1 3 5 4 16 20 1 4
17 0 220 18 2 3 5 4 17 20 1 4
18 0 221 19 3 3 5 4 18 20 1 4
19 0 222 N 4 3 5 4 19 20 1 4
0 0 182 1 0 0 5 4 0 20 1 1
1 0 183 2 1 0 5 4 1 20 1 1
2 0 184 3 2 0 5 4 2 20 1 1
3 0 185 4 3 0 5 4 3 20 1 1
4 0 186 N 4 0 5 4 4 20 1 1
5 0 194 6 0 1 5 4 5 20 1 2
6 0 195 7 1 1 5 4 6 20 1 2
7 0 196 8 2 1 5 4 7 20 1 2
8 0 197 9 3 1 5 4 8 20 1 2
9 0 198 N 4 1 5 4 9 20 1 2
10 0 206 11 0 2 5 4 10 20 1 3
11 0 207 12 1 2 5 4 11 20 1 3
12 0 208 13 2 2 5 4 12 20 1 3
13 0 209 14 3 2 5 4 13 20 1 3
14 0 210 N 4 2 5 4 14 20 1 3
15 0 218 16 0 3 5 4 15 20 1 4
16 0 219 17 1 3 5 4 16 20 1 4
17 0 220 18 2 3 5 4 17 20 1 4
18 0 221 19 3 3 5 4 18 20 1 4
19 0 222 N 4 3 5 4 19 20 1 4
0 0 350 1 0 0 5 4 0 20 2 1
1 0 351 2 1 0 5 4 1 20 2 1
2 0 352 3 2 0 5 4 2 20 2 1
3 0 353 4 3 0 5 4 3 20 2 1
4 0 354 N 4 0 5 4 4 20 2 1
5 0 362 6 0 1 5 4 5 20 2 2
6 0 363 7 1 1 5 4 6 20 2 2
7 0 364 8 2 1 5 4 7 20 2 2
8 0 365 9 3 1 5 4 8 20 2 2
9 0 366 N 4 1 5 4 9 20 2 2
10 0 374 11 0 2 5 4 10 20 2 3
11 0 375 12 1 2 5 4 11 20 2 3
12 0 376 13 2 2 5 4 12 20 2 3
13 0 377 14 3 2 5 4 13 20 2 3
14 0 378 N 4 2 5 4 14 20 2 3
15 0 386 16 0 3 5 4 15 20 2 4
16 0 387 17 1 3 5 4 16 20 2 4
17 0 388 18 2 3 5 4 17 20 2 4
18 0 389 19 3 3 5 4 18 20 2 4
19 0 390 N 4 3 5 4 19 20 2 4
0 0 350 1 0 0 5 4 0 20 2 1
1 0 351 2 1 0 5 4 1 20 2 1
2 0 352 3 2 0 5 4 2 20 2 1
3 0 353 4 3 0 5 4 3 20 2 1
4 0 354 N 4 0 5 4 4 20 2 1
5 0 362 6 0 1 5 4 5 20 2 2
6 0 363 7 1 1 5 4 6 20 2 2
7 0 364 8 2 1 5 4 7 20 2 2
8 0 365 9 3 1 5 4 8 20 2 2
9 0 366 N 4 1 5 4 9 20 2 2
10 0 374 11 0 2 5 4 10 20 2 3
11 0 375 12 1 2 5 4 11 20 2 3
12 0 376 13 2 2 5 4 12 20 2 3
13 0 377 14 3 2 5 4 13 20 2 3
14 0 378 N 4 2 5 4 14 20 2 3
15 0 386 16 0 3 5 4 15 20 2 4
16 0 387 17 1 3 5 4 16 20 2 4
17 0 388 18 2 3 5 4 17 20 2 4
18 0 389 19 3 3 5 4 18 20 2 4
19 0 390 N 4 3 5 4 19 20 2 4
0 1 187 1 0 0 5 4 0 20 1 1
1 1 188 2 1 0 5 4 1 20 1 1
2 1 189 3 2 0 5 4 2 20 1 1
3 1 190 4 3 0 5 4 3 20 1 1
4 1 191 N 4 0 5 4 4 20 1 1
5 1 199 6 0 1 5 4 5 20 1 2
6 1 200 7 1 1 5 4 6 20 1 2
7 1 201 8 2 1 5 4 7 20 1 2
8 1 202 9 3 1 5 4 8 20 1 2
9 1 203 N 4 1 5 4 9 20 1 2
10 1 211 11 0 2 5 4 10 20 1 3
11 1 212 12 1 2 5 4 11 20 1 3
12 1 213 13 2 2 5 4 12 20 1 3
13 1 214 14 3 2 5 4 13 20 1 3
14 1 215 N 4 2 5 4 14 20 1 3
15 1 223 16 0 3 5 4 15 20 1 4
16 1 224 17 1 3 5 4 16 20 1 4
17 1 225 18 2 3 5 4 17 20 1 4
18 1 226 19 3 3 5 4 18 20 1 4
19 1 227 N 4 3 5 4 19 20 1 4
0 1 187 1 0 0 5 4 0 20 1 1
1 1 188 2 1 0 5 4 1 20 1 1
2 1 189 3 2 0 5 4 2 20 1 1
3 1 190 4 3 0 5 4 3 20 1 1
4 1 191 N 4 0 5 4 4 20 1 1
5 1 199 6 0 1 5 4 5 20 1 2
6 1 200 7 1 1 5 4 6 20 1 2
7 1 201 8 2 1 5 4 7 20 1 2
8 1 202 9 3 1 5 4 8 20 1 2
9 1 203 N 4 1 5 4 9 20 1 2
10 1 211 11 0 2 5 4 10 20 1 3
11 1 212 12 1 2 5 4 11 20 1 3
12 1 213 13 2 2 5 4 12 20 1 3
13 1 214 14 3 2 5 4 13 20 1 3
14 1 215 N 4 2 5 4 14 20 1 3
15 1 223 16 0 3 5 4 15 20 1 4
16 1 224 17 1 3 5 4 16 20 1 4
17 1 225 18 2 3 5 4 17 20 1 4
18 1 226 19 3 3 5 4 18 20 1 4
19 1 227 N 4 3 5 4 19 20 1 4
0 1 355 1 0 0 5 4 0 20 2 1
1 1 356 2 1 0 5 4 1 20 2 1
2 1 357 3 2 0 5 4 2 20 2 1
3 1 358 4 3 0 5 4 3 20 2 1
4 1 359 N 4 0 5 4 4 20 2 1
5 1 367 6 0 1 5 4 5 20 2 2
6 1 368 7 1 1 5 4 6 20 2 2
7 1 369 8 2 1 5 4 7 20 2 2
8 1 370 9 3 1 5 4 8 20 2 2
9 1 371 N 4 1 5 4 9 20 2 2
10 1 379 11 0 2 5 4 10 20 2 3
11 1 380 12 1 2 5 4 11 20 2 3
12 1 381 13 2 2 5 4 12 20 2 3
13 1 382 14 3 2 5 4 13 20 2 3
14 1 383 N 4 2 5 4 14 20 2 3
15 1 391 16 0 3 5 4 15 20 2 4
16 1 392 17 1 3 5 4 16 20 2 4
17 1 393 18 2 3 5 4 17 20 2 4
18 1 394 19 3 3 5 4 18 20 2 4
19 1 395 N 4 3 5 4 19 20 2 4
0 1 355 1 0 0 5 4 0 20 2 1
1 1 356 2 1 0 5 4 1 20 2 1
2 1 357 3 2 0 5 4 2 20 2 1
3 1 358 4 3 0 5 4 3 20 2 1
4 1 359 N 4 0 5 4 4 20 2 1
5 1 367 6 0 1 5 4 5 20 2 2
6 1 368 7 1 1 5 4 6 20 2 2
7 1 369 8 2 1 5 4 7 20 2 2
8 1 370 9 3 1 5 4 8 20 2 2
9 1 371 N 4 1 5 4 9 20 2 2
10 1 379 11 0 2 5 4 10 20 2 3
11 1 380 12 1 2 5 4 11 20 2 3
12 1 381 13 2 2 5 4 12 20 2 3
13 1 382 14 3 2 5 4 13 20 2 3
14 1 383 N 4 2 5 4 14 20 2 3
15 1 391 16 0 3 5 4 15 20 2 4
16 1 392 17 1 3 5 4 16 20 2 4
17 1 393 18 2 3 5 4 17 20 2 4
18 1 394 19 3 3 5 4 18 20 2 4
19 1 395 N 4 3 5 4 19 20 2 4
0 1 187 1 0 0 5 4 0 20 1 1
1 1 188 2 1 0 5 4 1 20 1 1
2 1 189 3 2 0 5 4 2 20 1 1
3 1 190 4 3 0 5 4 3 20 1 1
4 1 191 N 4 0 5 4 4 20 1 1
5 1 199 6 0 1 5 4 5 20 1 2
6 1 200 7 1 1 5 4 6 20 1 2
7 1 201 8 2 1 5 4 7 20 1 2
8 1 202 9 3 1 5 4 8 20 1 2
9 1 203 N 4 1 5 4 9 20 1 2
10 1 211 11 0 2 5 4 10 20 1 3
11 1 212 12 1 2 5 4 11 20 1 3
12 1 213 13 2 2 5 4 12 20 1 3
13 1 214 14 3 2 5 4 13 20 1 3
14 1 215 N 4 2 5 4 14 20 1 3
15 1 223 16 0 3 5 4 15 20 1 4
16 1 224 17 1 3 5 4 16 20 1 4
17 1 225 18 2 3 5 4 17 20 1 4
18 1 226 19 3 3 5 4 18 20 1 4
19 1 227 N 4 3 5 4 19 20 1 4
0 1 187 1 0 0 5 4 0 20 1 1
1 1 188 2 1 0 5 4 1 20 1 1
2 1 189 3 2 0 5 4 2 20 1 1
3 1 190 4 3 0 5 4 3 20 1 1
4 1 191 N 4 0 5 4 4 20 1 1
5 1 199 6 0 1 5 4 5 20 1 2
6 1 200 7 1 1 5 4 6 20 1 2
7 1 201 8 2 1 5 4 7 20 1 2
8 1 202 9 3 1 5 4 8 20 1 2
9 1 203 N 4 1 5 4 9 20 1 2
10 1 211 11 0 2 5 4 10 20 1 3
11 1 212 12 1 2 5 4 11 20 1 3
12 1 213 13 2 2 5 4 12 20 1 3
13 1 214 14 3 2 5 4 13 20 1 3
14 1 215 N 4 2 5 4 14 20 1 3
15 1 223 16 0 3 5 4 15 20 1 4
16 1 224 17 1 3 5 4 16 20 1 4
17 1 225 18 2 3 5 4 17 20 1 4
18 1 226 19 3 3 5 4 18 20 1 4
19 1 227 N 4 3 5 4 19 20 1 4
0 1 355 1 0 0 5 4 0 20 2 1
1 1 356 2 1 0 5 4 1 20 2 1
2 1 357 3 2 0 5 4 2 20 2 1
3 1 358 4 3 0 5 4 3 20 2 1
4 1 359 N 4 0 5 4 4 20 2 1
5 1 367 6 0 1 5 4 5 20 2 2
6 1 368 7 1 1 5 4 6 20 2 2
7 1 369 8 2 1 5 4 7 20 2 2
8 1 370 9 3 1 5 4 8 20 2 2
9 1 371 N 4 1 5 4 9 20 2 2
10 1 379 11 0 2 5 4 10 20 2 3
11 1 380 12 1 2 5 4 11 20 2 3
12 1 381 13 2 2 5 4 12 20 2 3
13 1 382 14 3 2 5 4 13 20 2 3
14 1 383 N 4 2 5 4 14 20 2 3
15 1 391 16 0 3 5 4 15 20 2 4
16 1 392 17 1 3 5 4 16 20 2 4
17 1 393 18 2 3 5 4 17 20 2 4
18 1 394 19 3 3 5 4 18 20 2 4
19 1 395 N 4 3 5 4 19 20 2 4
0 1 355 1 0 0 5 4 0 20 2 1
1 1 356 2 1 0 5 4 1 20 2 1
2 1 357 3 2 0 5 4 2 20 2 1
3 1 358 4 3 0 5 4 3 20 2 1
4 1 359 N 4 0 5 4 4 20 2 1
5 1 367 6 0 1 5 4 5 20 2 2
6 1 368 7 1 1 5 4 6 20 2 2
7 1 369 8 2 1 5 4 7 20 2 2
8 1 370 9 3 1 5 4 8 20 2 2
9 1 371 N 4 1 5 4 9 20 2 2
10 1 379 11 0 2 5 4 10 20 2 3
11 1 380 12 1 2 5 4 11 20 2 3
12 1 381 13 2 2 5 4 12 20 2 3
13 1 382 14 3 2 5 4 13 20 2 3
14 1 383 N 4 2 5 4 14 20 2 3
15 1 391 16 0 3 5 4 15 20 2 4
16 1 392 17 1 3 5 4 16 20 2 4
17 1 393 18 2 3 5 4 17 20 2 4
18 1 394 19 3 3 5 4 18 20 2 4
19 1 395 N 4 3 5 4 19 20 2 4
0 1 187 1 0 0 5 4 0 20 1 1
1 1 188 2 1 0 5 4 1 20 1 1
2 1 189 3 2 0 5 4 2 20 1 1
3 1 190 4 3 0 5 4 3 20 1 1
4 1 191 N 4 0 5 4 4 20 1 1
5 1 199 6 0 1 5 4 5 20 1 2
6 1 200 7 1 1 5 4 6 20 1 2
7 1 201 8 2 1 5 4 7 20 1 2
8 1 202 9 3 1 5 4 8 20 1 2
9 1 203 N 4 1 5 4 9 20 1 2
10 1 211 11 0 2 5 4 10 20 1 3
11 1 212 12 1 2 5 4 11 20 1 3
12 1 213 13 2 2 5 4 12 20 1 3
13 1 214 14 3 2 5 4 13 20 1 3
14 1 215 N 4 2 5 4 14 20 1 3
15 1 223 16 0 3 5 4 15 20 1 4
16 1 224 17 1 3 5 4 16 20 1 4
17 1 225 18 2 3 5 4 17 20 1 4
18 1 226 19 3 3 5 4 18 20 1 4
19 1 227 N 4 3 5 4 19 20 1 4
0 1 187 1 0 0 5 4 0 20 1 1
1 1 188 2 1 0 5 4 1 20 1 1
2 1 189 3 2 0 5 4 2 20 1 1
3 1 190 4 3 0 5 4 3 20 1 1
4 1 191 N 4 0 5 4 4 20 1 1
5 1 199 6 0 1 5 4 5 20 1 2
6 1 200 7 1 1 5 4 6 20 1 2
7 1 201 8 2 1 5 4 7 20 1 2
8 1 202 9 3 1 5 4 8 20 1 2
9 1 203 N 4 1 5 4 9 20 1 2
10 1 211 11 0 2 5 4 10 20 1 3
11 1 212 12 1 2 5 4 11 20 1 3
12 1 213 13 2 2 5 4 12 20 1 3
13 1 214 14 3 2 5 4 13 20 1 3
14 1 215 N 4 2 5 4 14 20 1 3
15 1 223 16 0 3 5 4 15 20 1 4
16 1 224 17 1 3 5 4 16 20 1 4
17 1 225 18 2 3 5 4 17 20 1 4
18 1 226 19 3 3 5 4 18 20 1 4
19 1 227 N 4 3 5 4 19 20 1 4
0 1 355 1 0 0 5 4 0 20 2 1
1 1 356 2 1 0 5 4 1 20 2 1
2 1 357 3 2 0 5 4 2 20 2 1
3 1 358 4 3 0 5 4 3 20 2 1
4 1 359 N 4 0 5 4 4 20 2 1
5 1 367 6 0 1 5 4 5 20 2 2
6 1 368 7 1 1 5 4 6 20 2 2
7 1 369 8 2 1 5 4 7 20 2 2
8 1 370 9 3 1 5 4 8 20 2 2
9 1 371 N 4 1 5 4 9 20 2 2
10 1 379 11 0 2 5 4 10 20 2 3
11 1 380 12 1 2 5 4 11 20 2 3
12 1 381 13 2 2 5 4 12 20 2 3
13 1 382 14 3 2 5 4 13 20 2 3
14 1 383 N 4 2 5 4 14 20 2 3
15 1 391 16 0 3 5 4 15 20 2 4
16 1 392 17 1 3 5 4 16 20 2 4
17 1 393 18 2 3 5 4 17 20 2 4
18 1 394 19 3 3 5 4 18 20 2 4
19 1 395 N 4 3 5 4 19 20 2 4
0 1 355 1 0 0 5 4 0 20 2 1
1 1 356 2 1 0 5 4 1 20 2 1
2 1 357 3 2 0 5 4 2 20 2 1
3 1 358 4 3 0 5 4 3 20 2 1
4 1 359 N 4 0 5 4 4 20 2 1
5 1 367 6 0 1 5 4 5 20 2 2
6 1 368 7 1 1 5 4 6 20 2 2
7 1 369 8 2 1 5 4 7 20 2 2
8 1 370 9 3 1 5 4 8 20 2 2
9 1 371 N 4 1 5 4 9 20 2 2
10 1 379 11 0 2 5 4 10 20 2 3
11 1 380 12 1 2 5 4 11 20 2 3
12 1 381 13 2 2 5 4 12 20 2 3
13 1 382 14 3 2 5 4 13 20 2 3
14 1 383 N 4 2 5 4 14 20 2 3
15 1 391 16 0 3 5 4 15 20 2 4
16 1 392 17 1 3 5 4 16 20 2 4
17 1 393 18 2 3 5 4 17 20 2 4
18 1 394 19 3 3 5 4 18 20 2 4
19 1 395 N 4 3 5 4 19 20 2 4
0 2 230 1 0 0 5 4 0 20 1 5
1 2 231 2 1 0 5 4 1 20 1 5
2 2 232 3 2 0 5 4 2 20 1 5
3 2 233 4 3 0 5 4 3 20 1 5
4 2 234 N 4 0 5 4 4 20 1 5
5 2 242 6 0 1 5 4 5 20 1 6
6 2 243 7 1 1 5 4 6 20 1 6
7 2 244 8 2 1 5 4 7 20 1 6
8 2 245 9 3 1 5 4 8 20 1 6
9 2 246 N 4 1 5 4 9 20 1 6
10 2 254 11 0 2 5 4 10 20 1 7
11 2 255 12 1 2 5 4 11 20 1 7
12 2 256 13 2 2 5 4 12 20 1 7
13 2 257 14 3 2 5 4 13 20 1 7
14 2 258 N 4 2 5 4 14 20 1 7
15 2 266 16 0 3 5 4 15 20 1 8
16 2 267 17 1 3 5 4 16 20 1 8
17 2 268 18 2 3 5 4 17 20 1 8
18 2 269 19 3 3 5 4 18 20 1 8
19 2 270 N 4 3 5 4 19 20 1 8
0 2 230 1 0 0 5 4 0 20 1 5
1 2 231 2 1 0 5 4 1 20 1 5
2 2 232 3 2 0 5 4 2 20 1 5
3 2 233 4 3 0 5 4 3 20 1 5
4 2 234 N 4 0 5 4 4 20 1 5
5 2 242 6 0 1 5 4 5 20 1 6
6 2 243 7 1 1 5 4 6 20 1 6
7 2 244 8 2 1 5 4 7 20 1 6
8 2 245 9 3 1 5 4 8 20 1 6
9 2 246 N 4 1 5 4 9 20 1 6
10 2 254 11 0 2 5 4 10 20 1 7
11 2 255 12 1 2 5 4 11 20 1 7
12 2 256 13 2 2 5 4 12 20 1 7
13 2 257 14 3 2 5 4 13 20 1 7
14 2 258 N 4 2 5 4 14 20 1 7
15 2 266 16 0 3 5 4 15 20 1 8
16 2 267 17 1 3 5 4 16 20 1 8
17 2 268 18 2 3 5 4 17 20 1 8
18 2 269 19 3 3 5 4 18 20 1 8
19 2 270 N 4 3 5 4 19 20 1 8
0 2 398 1 0 0 5 4 0 20 2 5
1 2 399 2 1 0 5 4 1 20 2 5
2 2 400 3 2 0 5 4 2 20 2 5
3 2 401 4 3 0 5 4 3 20 2 5
4 2 402 N 4 0 5 4 4 20 2 5
5 2 410 6 0 1 5 4 5 20 2 6
6 2 411 7 1 1 5 4 6 20 2 6
7 2 412 8 2 1 5 4 7 20 2 6
8 2 413 9 3 1 5 4 8 20 2 6
9 2 414 N 4 1 5 4 9 20 2 6
10 2 422 11 0 2 5 4 10 20 2 7
11 2 423 12 1 2 5 4 11 20 2 7
12 2 424 13 2 2 5 4 12 20 2 7
13 2 425 14 3 2 5 4 13 20 2 7
14 2 426 N 4 2 5 4 14 20 2 7
15 2 434 16 0 3 5 4 15 20 2 8
16 2 435 17 1 3 5 4 16 20 2 8
17 2 436 18 2 3 5 4 17 20 2 8
18 2 437 19 3 3 5 4 18 20 2 8
19 2 438 N 4 3 5 4 19 20 2 8
0 2 398 1 0 0 5 4 0 20 2 5
1 2 399 2 1 0 5 4 1 20 2 5
2 2 400 3 2 0 5 4 2 20 2 5
3 2 401 4 3 0 5 4 3 20 2 5
4 2 402 N 4 0 5 4 4 20 2 5
5 2 410 6 0 1 5 4 5 20 2 6
6 2 411 7 1 1 5 4 6 20 2 6
7 2 412 8 2 1 5 4 7 20 2 6
8 2 413 9 3 1 5 4 8 20 2 6
9 2 414 N 4 1 5 4 9 20 2 6
10 2 422 11 0 2 5 4 10 20 2 7
11 2 423 12 1 2 5 4 11 20 2 7
12 2 424 13 2 2 5 4 12 20 2 7
13 2 425 14 3 2 5 4 13 20 2 7
14 2 426 N 4 2 5 4 14 20 2 7
15 2 434 16 0 3 5 4 15 20 2 8
16 2 435 17 1 3 5 4 16 20 2 8
17 2 436 18 2 3 5 4 17 20 2 8
18 2 437 19 3 3 5 4 18 20 2 8
19 2 438 N 4 3 5 4 19 20 2 8
0 2 230 1 0 0 5 4 0 20 1 5
1 2 231 2 1 0 5 4 1 20 1 5
2 2 232 3 2 0 5 4 2 20 1 5
3 2 233 4 3 0 5 4 3 20 1 5
4 2 234 N 4 0 5 4 4 20 1 5
5 2 242 6 0 1 5 4 5 20 1 6
6 2 243 7 1 1 5 4 6 20 1 6
7 2 244 8 2 1 5 4 7 20 1 6
8 2 245 9 3 1 5 4 8 20 1 6
9 2 246 N 4 1 5 4 9 20 1 6
10 2 254 11 0 2 5 4 10 20 1 7
11 2 255 12 1 2 5 4 11 20 1 7
12 2 256 13 2 2 5 4 12 20 1 7
13 2 257 14 3 2 5 4 13 20 1 7
14 2 258 N 4 2 5 4 14 20 1 7
15 2 266 16 0 3 5 4 15 20 1 8
16 2 267 17 1 3 5 4 16 20 1 8
17 2 268 18 2 3 5 4 17 20 1 8
18 2 269 19 3 3 5 4 18 20 1 8
19 2 270 N 4 3 5 4 19 20 1 8
0 2 230 1 0 0 5 4 0 20 1 5
1 2 231 2 1 0 5 4 1 20 1 5
2 2 232 3 2 0 5 4 2 20 1 5
3 2 233 4 3 0 5 4 3 20 1 5
4 2 234 N 4 0 5 4 4 20 1 5
5 2 242 6 0 1 5 4 5 20 1 6
6 2 243 7 1 1 5 4 6 20 1 6
7 2 244 8 2 1 5 4 7 20 1 6
8 2 245 9 3 1 5 4 8 20 1 6
9 2 246 N 4 1 5 4 9 20 1 6
10 2 254 11 0 2 5 4 10 20 1 7
11 2 255 12 1 2 5 4 11 20 1 7
12 2 256 13 2 2 5 4 12 20 1 7
13 2 257 14 3 2 5 4 13 20 1 7
14 2 258 N 4 2 5 4 14 20 1 7
15 2 266 16 0 3 5 4 15 20 1 8
16 2 267 17 1 3 5 4 16 20 1 8
17 2 268 18 2 3 5 4 17 20 1 8
18 2 269 19 3 3 5 4 18 20 1 8
19 2 270 N 4 3 5 4 19 20 1 8
0 2 398 1 0 0 5 4 0 20 2 5
1 2 399 2 1 0 5 4 1 20 2 5
2 2 400 3 2 0 5 4 2 20 2 5
3 2 401 4 3 0 5 4 3 20 2 5
4 2 402 N 4 0 5 4 4 20 2 5
5 2 410 6 0 1 5 4 5 20 2 6
6 2 411 7 1 1 5 4 6 20 2 6
7 2 412 8 2 1 5 4 7 20 2 6
8 2 413 9 3 1 5 4 8 20 2 6
9 2 414 N 4 1 5 4 9 20 2 6
10 2 422 11 0 2 5 4 10 20 2 7
11 2 423 12 1 2 5 4 11 20 2 7
12 2 424 13 2 2 5 4 12 20 2 7
13 2 425 14 3 2 5 4 13 20 2 7
14 2 426 N 4 2 5 4 14 20 2 7
15 2 434 16 0 3 5 4 15 20 2 8
16 2 435 17 1 3 5 4 16 20 2 8
17 2 436 18 2 3 5 4 17 20 2 8
18 2 437 19 3 3 5 4 18 20 2 8
19 2 438 N 4 3 5 4 19 20 2 8
0 2 398 1 0 0 5 4 0 20 2 5
1 2 399 2 1 0 5 4 1 20 2 5
2 2 400 3 2 0 5 4 2 20 2 5
3 2 401 4 3 0 5 4 3 20 2 5
4 2 402 N 4 0 5 4 4 20 2 5
5 2 410 6 0 1 5 4 5 20 2 6
6 2 411 7 1 1 5 4 6 20 2 6
7 2 412 8 2 1 5 4 7 20 2 6
8 2 413 9 3 1 5 4 8 20 2 6
9 2 414 N 4 1 5 4 9 20 2 6
10 2 422 11 0 2 5 4 10 20 2 7
11 2 423 12 1 2 5 4 11 20 2 7
12 2 424 13 2 2 5 4 12 20 2 7
13 2 425 14 3 2 5 4 13 20 2 7
14 2 426 N 4 2 5 4 14 20 2 7
15 2 434 16 0 3 5 4 15 20 2 8
16 2 435 17 1 3 5 4 16 20 2 8
17 2 436 18 2 3 5 4 17 20 2 8
18 2 437 19 3 3 5 4 18 20 2 8
19 2 438 N 4 3 5 4 19 20 2 8
0 2 230 1 0 0 5 4 0 20 1 5
1 2 231 2 1 0 5 4 1 20 1 5
2 2 232 3 2 0 5 4 2 20 1 5
3 2 233 4 3 0 5 4 3 20 1 5
4 2 234 N 4 0 5 4 4 20 1 5
5 2 242 6 0 1 5 4 5 20 1 6
6 2 243 7 1 1 5 4 6 20 1 6
7 2 244 8 2 1 5 4 7 20 1 6
8 2 245 9 3 1 5 4 8 20 1 6
9 2 246 N 4 1 5 4 9 20 1 6
10 2 254 11 0 2 5 4 10 20 1 7
11 2 255 12 1 2 5 4 11 20 1 7
12 2 256 13 2 2 5 4 12 20 1 7
13 2 257 14 3 2 5 4 13 20 1 7
14 2 258 N 4 2 5 4 14 20 1 7
15 2 266 16 0 3 5 4 15 20 1 8
16 2 267 17 1 3 5 4 16 20 1 8
17 2 268 18 2 3 5 4 17 20 1 8
18 2 269 19 3 3 5 4 18 20 1 8
19 2 270 N 4 3 5 4 19 20 1 8
0 2 230 1 0 0 5 4 0 20 1 5
1 2 231 2 1 0 5 4 1 20 1 5
2 2 232 3 2 0 5 4 2 20 1 5
3 2 233 4 3 0 5 4 3 20 1 5
4 2 234 N 4 0 5 4 4 20 1 5
5 2 242 6 0 1 5 4 5 20 1 6
6 2 243 7 1 1 5 4 6 20 1 6
7 2 244 8 2 1 5 4 7 20 1 6
8 2 245 9 3 1 5 4 8 20 1 6
9 2 246 N 4 1 5 4 9 20 1 6
10 2 254 11 0 2 5 4 10 20 1 7
11 2 255 12 1 2 5 4 11 20 1 7
12 2 256 13 2 2 5 4 12 20 1 7
13 2 257 14 3 2 5 4 13 20 1 7
14 2 258 N 4 2 5 4 14 20 1 7
15 2 266 16 0 3 5 4 15 20 1 8
16 2 267 17 1 3 5 4 16 20 1 8
17 2 268 18 2 3 5 4 17 20 1 8
18 2 269 19 3 3 5 4 18 20 1 8
19 2 270 N 4 3 5 4 19 20 1 8
0 2 398 1 0 0 5 4 0 20 2 5
1 2 399 2 1 0 5 4 1 20 2 5
2 2 400 3 2 0 5 4 2 20 2 5
3 2 401 4 3 0 5 4 3 20 2 5
4 2 402 N 4 0 5 4 4 20 2 5
5 2 410 6 0 1 5 4 5 20 2 6
6 2 411 7 1 1 5 4 6 20 2 6
7 2 412 8 2 1 5 4 7 20 2 6
8 2 413 9 3 1 5 4 8 20 2 6
9 2 414 N 4 1 5 4 9 20 2 6
10 2 422 11 0 2 5 4 10 20 2 7
11 2 423 12 1 2 5 4 11 20 2 7
12 2 424 13 2 2 5 4 12 20 2 7
13 2 425 14 3 2 5 4 13 20 2 7
14 2 426 N 4 2 5 4 14 20 2 7
15 2 434 16 0 3 5 4 15 20 2 8
16 2 435 17 1 3 5 4 16 20 2 8
17 2 436 18 2 3 5 4 17 20 2 8
18 2 437 19 3 3 5 4 18 20 2 8
19 2 438 N 4 3 5 4 19 20 2 8
0 2 398 1 0 0 5 4 0 20 2 5
1 2 399 2 1 0 5 4 1 20 2 5
2 2 400 3 2 0 5 4 2 20 2 5
3 2 401 4 3 0 5 4 3 20 2 5
4 2 402 N 4 0 5 4 4 20 2 5
5 2 410 6 0 1 5 4 5 20 2 6
6 2 411 7 1 1 5 4 6 20 2 6
7 2 412 8 2 1 5 4 7 20 2 6
8 2 413 9 3 1 5 4 8 20 2 6
9 2 414 N 4 1 5 4 9 20 2 6
10 2 422 11 0 2 5 4 10 20 2 7
11 2 423 12 1 2 5 4 11 20 2 7
12 2 424 13 2 2 5 4 12 20 2 7
13 2 425 14 3 2 5 4 13 20 2 7
14 2 426 N 4 2 5 4 14 20 2 7
15 2 434 16 0 3 5 4 15 20 2 8
16 2 435 17 1 3 5 4 16 20 2 8
17 2 436 18 2 3 5 4 17 20 2 8
18 2 437 19 3 3 5 4 18 20 2 8
19 2 438 N 4 3 5 4 19 20 2 8
0 3 235 1 0 0 5 4 0 20 1 5
1 3 236 2 1 0 5 4 1 20 1 5
2 3 237 3 2 0 5 4 2 20 1 5
3 3 238 4 3 0 5 4 3 20 1 5
4 3 239 N 4 0 5 4 4 20 1 5
5 3 247 6 0 1 5 4 5 20 1 6
6 3 248 7 1 1 5 4 6 20 1 6
7 3 249 8 2 1 5 4 7 20 1 6
8 3 250 9 3 1 5 4 8 20 1 6
9 3 251 N 4 1 5 4 9 20 1 6
10 3 259 11 0 2 5 4 10 20 1 7
11 3 260 12 1 2 5 4 11 20 1 7
12 3 261 13 2 2 5 4 12 20 1 7
13 3 262 14 3 2 5 4 13 20 1 7
14 3 263 N 4 2 5 4 14 20 1 7
15 3 271 16 0 3 5 4 15 20 1 8
16 3 272 17 1 3 5 4 16 20 1 8
17 3 273 18 2 3 5 4 17 20 1 8
18 3 274 19 3 3 5 4 18 20 1 8
19 3 275 N 4 3 5 4 19 20 1 8
0 3 235 1 0 0 5 4 0 20 1 5
1 3 236 2 1 0 5 4 1 20 1 5
2 3 237 3 2 0 5 4 2 20 1 5
3 3 238 4 3 0 5 4 3 20 1 5
4 3 239 N 4 0 5 4 4 20 1 5
5 3 247 6 0 1 5 4 5 20 1 6
6 3 248 7 1 1 5 4 6 20 1 6
7 3 249 8 2 1 5 4 7 20 1 6
8 3 250 9 3 1 5 4 8 20 1 6
9 3 251 N 4 1 5 4 9 20 1 6
10 3 259 11 0 2 5 4 10 20 1 7
11 3 260 12 1 2 5 4 11 20 1 7
12 3 261 13 2 2 5 4 12 20 1 7
13 3 262 14 3 2 5 4 13 20 1 7
14 3 263 N 4 2 5 4 14 20 1 7
15 3 271 16 0 3 5 4 15 20 1 8
16 3 272 17 1 3 5 4 16 20 1 8
17 3 273 18 2 3 5 4 17 20 1 8
18 3 274 19 3 3 5 4 18 20 1 8
19 3 275 N 4 3 5 4 19 20 1 8
0 3 403 1 0 0 5 4 0 20 2 5
1 3 404 2 1 0 5 4 1 20 2 5
2 3 405 3 2 0 5 4 2 20 2 5
3 3 406 4 3 0 5 4 3 20 2 5
4 3 407 N 4 0 5 4 4 20 2 5
5 3 415 6 0 1 5 4 5 20 2 6
6 3 416 7 1 1 5 4 6 20 2 6
7 3 417 8 2 1 5 4 7 20 2 6
8 3 418 9 3 1 5 4 8 20 2 6
9 3 419 N 4 1 5 4 9 20 2 6
10 3 427 11 0 2 5 4 10 20 2 7
11 3 428 12 1 2 5 4 11 20 2 7
12 3 429 13 2 2 5 4 12 20 2 7
13 3 430 14 3 2 5 4 13 20 2 7
14 3 431 N 4 2 5 4 14 20 2 7
15 3 439 16 0 3 5 4 15 20 2 8
16 3 440 17 1 3 5 4 16 20 2 8
17 3 441 18 2 3 5 4 17 20 2 8
18 3 442 19 3 3 5 4 18 20 2 8
19 3 443 N 4 3 5 4 19 20 2 8
0 3 403 1 0 0 5 4 0 20 2 5
1 3 404 2 1 0 5 4 1 20 2 5
2 3 405 3 2 0 5 4 2 20 2 5
3 3 406 4 3 0 5 4 3 20 2 5
4 3 407 N 4 0 5 4 4 20 2 5
5 3 415 6 0 1 5 4 5 20 2 6
6 3 416 7 1 1 5 4 6 20 2 6
7 3 417 8 2 1 5 4 7 20 2 6
8 3 418 9 3 1 5 4 8 20 2 6
9 3 419 N 4 1 5 4 9 20 2 6
10 3 427 11 0 2 5 4 10 20 2 7
11 3 428 12 1 2 5 4 11 20 2 7
12 3 429 13 2 2 5 4 12 20 2 7
13 3 430 14 3 2 5 4 13 20 2 7
14 3 431 N 4 2 5 4 14 20 2 7
15 3 439 16 0 3 5 4 15 20 2 8
16 3 440 17 1 3 5 4 16 20 2 8
17 3 441 18 2 3 5 4 17 20 2 8
18 3 442 19 3 3 5 4 18 20 2 8
19 3 443 N 4 3 5 4 19 20 2 8
0 3 235 1 0 0 5 4 0 20 1 5
1 3 236 2 1 0 5 4 1 20 1 5
2 3 237 3 2 0 5 4 2 20 1 5
3 3 238 4 3 0 5 4 3 20 1 5
4 3 239 N 4 0 5 4 4 20 1 5
5 3 247 6 0 1 5 4 5 20 1 6
6 3 248 7 1 1 5 4 6 20 1 6
7 3 249 8 2 1 5 4 7 20 1 6
8 3 250 9 3 1 5 4 8 20 1 6
9 3 251 N 4 1 5 4 9 20 1 6
10 3 259 11 0 2 5 4 10 20 1 7
11 3 260 12 1 2 5 4 11 20 1 7
12 3 261 13 2 2 5 4 12 20 1 7
13 3 262 14 3 2 5 4 13 20 1 7
14 3 263 N 4 2 5 4 14 20 1 7
15 3 271 16 0 3 5 4 15 20 1 8
16 3 272 17 1 3 5 4 16 20 1 8
17 3 273 18 2 3 5 4 17 20 1 8
18 3 274 19 3 3 5 4 18 20 1 8
19 3 275 N 4 3 5 4 19 20 1 8
0 3 235 1 0 0 5 4 0 20 1 5
1 3 236 2 1 0 5 4 1 20 1 5
2 3 237 3 2 0 5 4 2 20 1 5
3 3 238 4 3 0 5 4 3 20 1 5
4 3 239 N 4 0 5 4 4 20 1 5
5 3 247 6 0 1 5 4 5 20 1 6
6 3 248 7 1 1 5 4 6 20 1 6
7 3 249 8 2 1 5 4 7 20 1 6
8 3 250 9 3 1 5 4 8 20 1 6
9 3 251 N 4 1 5 4 9 20 1 6
10 3 259 11 0 2 5 4 10 20 1 7
11 3 260 12 1 2 5 4 11 20 1 7
12 3 261 13 2 2 5 4 12 20 1 7
13 3 262 14 3 2 5 4 13 20 1 7
14 3 263 N 4 2 5 4 14 20 1 7
15 3 271 16 0 3 5 4 15 20 1 8
16 3 272 17 1 3 5 4 16 20 1 8
17 3 273 18 2 3 5 4 17 20 1 8
18 3 274 19 3 3 5 4 18 20 1 8
19 3 275 N 4 3 5 4 19 20 1 8
0 3 403 1 0 0 5 4 0 20 2 5
1 3 404 2 1 0 5 4 1 20 2 5
2 3 405 3 2 0 5 4 2 20 2 5
3 3 406 4 3 0 5 4 3 20 2 5
4 3 407 N 4 0 5 4 4 20 2 5
5 3 415 6 0 1 5 4 5 20 2 6
6 3 416 7 1 1 5 4 6 20 2 6
7 3 417 8 2 1 5 4 7 20 2 6
8 3 418 9 3 1 5 4 8 20 2 6
9 3 419 N 4 1 5 4 9 20 2 6
10 3 427 11 0 2 5 4 10 20 2 7
11 3 428 12 1 2 5 4 11 20 2 7
12 3 429 13 2 2 5 4 12 20 2 7
13 3 430 14 3 2 5 4 13 20 2 7
14 3 431 N 4 2 5 4 14 20 2 7
15 3 439 16 0 3 5 4 15 20 2 8
16 3 440 17 1 3 5 4 16 20 2 8
17 3 441 18 2 3 5 4 17 20 2 8
18 3 442 19 3 3 5 4 18 20 2 8
19 3 443 N 4 3 5 4 19 20 2 8
0 3 403 1 0 0 5 4 0 20 2 5
1 3 404 2 1 0 5 4 1 20 2 5
2 3 405 3 2 0 5 4 2 20 2 5
3 3 406 4 3 0 5 4 3 20 2 5
4 3 407 N 4 0 5 4 4 20 2 5
5 3 415 6 0 1 5 4 5 20 2 6
6 3 416 7 1 1 5 4 6 20 2 6
7 3 417 8 2 1 5 4 7 20 2 6
8 3 418 9 3 1 5 4 8 20 2 6
9 3 419 N 4 1 5 4 9 20 2 6
10 3 427 11 0 2 5 4 10 20 2 7
11 3 428 12 1 2 5 4 11 20 2 7
12 3 429 13 2 2 5 4 12 20 2 7
13 3 430 14 3 2 5 4 13 20 2 7
14 3 431 N 4 2 5 4 14 20 2 7
15 3 439 16 0 3 5 4 15 20 2 8
16 3 440 17 1 3 5 4 16 20 2 8
17 3 441 18 2 3 5 4 17 20 2 8
18 3 442 19 3 3 5 4 18 20 2 8
19 3 443 N 4 3 5 4 19 20 2 8
0 3 235 1 0 0 5 4 0 20 1 5
1 3 236 2 1 0 5 4 1 20 1 5
2 3 237 3 2 0 5 4 2 20 1 5
3 3 238 4 3 0 5 4 3 20 1 5
4 3 239 N 4 0 5 4 4 20 1 5
5 3 247 6 0 1 5 4 5 20 1 6
6 3 248 7 1 1 5 4 6 20 1 6
7 3 249 8 2 1 5 4 7 20 1 6
8 3 250 9 3 1 5 4 8 20 1 6
9 3 251 N 4 1 5 4 9 20 1 6
10 3 259 11 0 2 5 4 10 20 1 7
11 3 260 12 1 2 5 4 11 20 1 7
12 3 261 13 2 2 5 4 12 20 1 7
13 3 262 14 3 2 5 4 13 20 1 7
14 3 263 N 4 2 5 4 14 20 1 7
15 3 271 16 0 3 5 4 15 20 1 8
16 3 272 17 1 3 5 4 16 20 1 8
17 3 273 18 2 3 5 4 17 20 1 8
18 3 274 19 3 3 5 4 18 20 1 8
19 3 275 N 4 3 5 4 19 20 1 8
0 3 235 1 0 0 5 4 0 20 1 5
1 3 236 2 1 0 5 4 1 20 1 5
2 3 237 3 2 0 5 4 2 20 1 5
3 3 238 4 3 0 5 4 3 20 1 5
4 3 239 N 4 0 5 4 4 20 1 5
5 3 247 6 0 1 5 4 5 20 1 6
6 3 248 7 1 1 5 4 6 20 1 6
7 3 249 8 2 1 5 4 7 20 1 6
8 3 250 9 3 1 5 4 8 20 1 6
9 3 251 N 4 1 5 4 9 20 1 6
10 3 259 11 0 2 5 4 10 20 1 7
11 3 260 12 1 2 5 4 11 20 1 7
12 3 261 13 2 2 5 4 12 20 1 7
13 3 262 14 3 2 5 4 13 20 1 7
14 3 263 N 4 2 5 4 14 20 1 7
15 3 271 16 0 3 5 4 15 20 1 8
16 3 272 17 1 3 5 4 16 20 1 8
17 3 273 18 2 3 5 4 17 20 1 8
18 3 274 19 3 3 5 4 18 20 1 8
19 3 275 N 4 3 5 4 19 20 1 8
0 3 403 1 0 0 5 4 0 20 2 5
1 3 404 2 1 0 5 4 1 20 2 5
2 3 405 3 2 0 5 4 2 20 2 5
3 3 406 4 3 0 5 4 3 20 2 5
4 3 407 N 4 0 5 4 4 20 2 5
5 3 415 6 0 1 5 4 5 20 2 6
6 3 416 7 1 1 5 4 6 20 2 6
7 3 417 8 2 1 5 4 7 20 2 6
8 3 418 9 3 1 5 4 8 20 2 6
9 3 419 N 4 1 5 4 9 20 2 6
10 3 427 11 0 2 5 4 10 20 2 7
11 3 428 12 1 2 5 4 11 20 2 7
12 3 429 13 2 2 5 4 12 20 2 7
13 3 430 14 3 2 5 4 13 20 2 7
14 3 431 N 4 2 5 4 14 20 2 7
15 3 439 16 0 3 5 4 15 20 2 8
16 3 440 17 1 3 5 4 16 20 2 8
17 3 441 18 2 3 5 4 17 20 2 8
18 3 442 19 3 3 5 4 18 20 2 8
19 3 443 N 4 3 5 4 19 20 2 8
0 3 403 1 0 0 5 4 0 20 2 5
1 3 404 2 1 0 5 4 1 20 2 5
2 3 405 3 2 0 5 4 2 20 2 5
3 3 406 4 3 0 5 4 3 20 2 5
4 3 407 N 4 0 5 4 4 20 2 5
5 3 415 6 0 1 5 4 5 20 2 6
6 3 416 7 1 1 5 4 6 20 2 6
7 3 417 8 2 1 5 4 7 20 2 6
8 3 418 9 3 1 5 4 8 20 2 6
9 3 419 N 4 1 5 4 9 20 2 6
10 3 427 11 0 2 5 4 10 20 2 7
11 3 428 12 1 2 5 4 11 20 2 7
12 3 429 13 2 2 5 4 12 20 2 7
13 3 430 14 3 2 5 4 13 20 2 7
14 3 431 N 4 2 5 4 14 20 2 7
15 3 439 16 0 3 5 4 15 20 2 8
16 3 440 17 1 3 5 4 16 20 2 8
17 3 441 18 2 3 5 4 17 20 2 8
18 3 442 19 3 3 5 4 18 20 2 8
19 3 443 N 4 3 5 4 19 20 2 8
0 4 278 1 0 0 5 4 0 20 1 9
1 4 279 2 1 0 5 4 1 20 1 9
2 4 280 3 2 0 5 4 2 20 1 9
3 4 281 4 3 0 5 4 3 20 1 9
4 4 282 N 4 0 5 4 4 20 1 9
5 4 290 6 0 1 5 4 5 20 1 10
6 4 291 7 1 1 5 4 6 20 1 10
7 4 292 8 2 1 5 4 7 20 1 10
8 4 293 9 3 1 5 4 8 20 1 10
9 4 294 N 4 1 5 4 9 20 1 10
10 4 302 11 0 2 5 4 10 20 1 11
11 4 303 12 1 2 5 4 11 20 1 11
12 4 304 13 2 2 5 4 12 20 1 11
13 4 305 14 3 2 5 4 13 20 1 11
14 4 306 N 4 2 5 4 14 20 1 11
15 4 314 16 0 3 5 4 15 20 1 12
16 4 315 17 1 3 5 4 16 20 1 12
17 4 316 18 2 3 5 4 17 20 1 12
18 4 317 19 3 3 5 4 18 20 1 12
19 4 318 N 4 3 5 4 19 20 1 12
0 4 278 1 0 0 5 4 0 20 1 9
1 4 279 2 1 0 5 4 1 20 1 9
2 4 280 3 2 0 5 4 2 20 1 9
3 4 281 4 3 0 5 4 3 20 1 9
4 4 282 N 4 0 5 4 4 20 1 9
5 4 290 6 0 1 5 4 5 20 1 10
6 4 291 7 1 1 5 4 6 20 1 10
7 4 292 8 2 1 5 4 7 20 1 10
8 4 293 9 3 1 5 4 8 20 1 10
9 4 294 N 4 1 5 4 9 20 1 10
10 4 302 11 0 2 5 4 10 20 1 11
11 4 303 12 1 2 5 4 11 20 1 11
12 4 304 13 2 2 5 4 12 20 1 11
13 4 305 14 3 2 5 4 13 20 1 11
14 4 306 N 4 2 5 4 14 20 1 11
15 4 314 16 0 3 5 4 15 20 1 12
16 4 315 17 1 3 5 4 16 20 1 12
17 4 316 18 2 3 5 4 17 20 1 12
18 4 317 19 3 3 5 4 18 20 1 12
19 4 318 N 4 3 5 4 19 20 1 12
0 4 446 1 0 0 5 4 0 20 2 9
1 4 447 2 1 0 5 4 1 20 2 9
2 4 448 3 2 0 5 4 2 20 2 9
3 4 449 4 3 0 5 4 3 20 2 9
4 4 450 N 4 0 5 4 4 20 2 9
5 4 458 6 0 1 5 4 5 20 2 10
6 4 459 7 1 1 5 4 6 20 2 10
7 4 460 8 2 1 5 4 7 20 2 10
8 4 461 9 3 1 5 4 8 20 2 10
9 4 462 N 4 1 5 4 9 20 2 10
10 4 470 11 0 2 5 4 10 20 2 11
11 4 471 12 1 2 5 4 11 20 2 11
12 4 472 13 2 2 5 4 12 20 2 11
13 4 473 14 3 2 5 4 13 20 2 11
14 4 474 N 4 2 5 4 14 20 2 11
15 4 482 16 0 3 5 4 15 20 2 12
16 4 483 17 1 3 5 4 16 20 2 12
17 4 484 18 2 3 5 4 17 20 2 12
18 4 485 19 3 3 5 4 18 20 2 12
19 4 486 N 4 3 5 4 19 20 2 12
0 4 446 1 0 0 5 4 0 20 2 9
1 4 447 2 1 0 5 4 1 20 2 9
2 4 448 3 2 0 5 4 2 20 2 9
3 4 449 4 3 0 5 4 3 20 2 9
4 4 450 N 4 0 5 4 4 20 2 9
5 4 458 6 0 1 5 4 5 20 2 10
6 4 459 7 1 1 5 4 6 20 2 10
7 4 460 8 2 1 5 4 7 20 2 10
8 4 461 9 3 1 5 4 8 20 2 10
9 4 462 N 4 1 5 4 9 20 2 10
10 4 470 11 0 2 5 4 10 20 2 11
11 4 471 12 1 2 5 4 11 20 2 11
12 4 472 13 2 2 5 4 12 20 2 11
13 4 473 14 3 2 5 4 13 20 2 11
14 4 474 N 4 2 5 4 14 20 2 11
15 4 482 16 0 3 5 4 15 20 2 12
16 4 483 17 1 3 5 4 16 20 2 12
17 4 484 18 2 3 5 4 17 20 2 12
18 4 485 19 3 3 5 4 18 20 2 12
19 4 486 N 4 3 5 4 19 20 2 12
0 4 278 1 0 0 5 4 0 20 1 9
1 4 279 2 1 0 5 4 1 20 1 9
2 4 280 3 2 0 5 4 2 20 1 9
3 4 281 4 3 0 5 4 3 20 1 9
4 4 282 N 4 0 5 4 4 20 1 9
5 4 290 6 0 1 5 4 5 20 1 10
6 4 291 7 1 1 5 4 6 20 1 10
7 4 292 8 2 1 5 4 7 20 1 10
8 4 293 9 3 1 5 4 8 20 1 10
9 4 294 N 4 1 5 4 9 20 1 10
10 4 302 11 0 2 5 4 10 20 1 11
11 4 303 12 1 2 5 4 11 20 1 11
12 4 304 13 2 2 5 4 12 20 1 11
13 4 305 14 3 2 5 4 13 20 1 11
14 4 306 N 4 2 5 4 14 20 1 11
15 4 314 16 0 3 5 4 15 20 1 12
16 4 315 17 1 3 5 4 16 20 1 12
17 4 316 18 2 3 5 4 17 20 1 12
18 4 317 19 3 3 5 4 18 20 1 12
19 4 318 N 4 3 5 4 19 20 1 12
0 4 278 1 0 0 5 4 0 20 1 9
1 4 279 2 1 0 5 4 1 20 1 9
2 4 280 3 2 0 5 4 2 20 1 9
3 4 281 4 3 0 5 4 3 20 1 9
4 4 282 N 4 0 5 4 4 20 1 9
5 4 290 6 0 1 5 4 5 20 1 10
6 4 291 7 1 1 5 4 6 20 1 10
7 4 292 8 2 1 5 4 7 20 1 10
8 4 293 9 3 1 5 4 8 20 1 10
9 4 294 N 4 1 5 4 9 20 1 10
10 4 302 11 0 2 5 4 10 20 1 11
11 4 303 12 1 2 5 4 11 20 1 11
12 4 304 13 2 2 5 4 12 20 1 11
13 4 305 14 3 2 5 4 13 20 1 11
14 4 306 N 4 2 5 4 14 20 1 11
15 4 314 16 0 3 5 4 15 20 1 12
16 4 315 17 1 3 5 4 16 20 1 12
17 4 316 18 2 3 5 4 17 20 1 12
18 4 317 19 3 3 5 4 18 20 1 12
19 4 318 N 4 3 5 4 19 20 1 12
0 4 446 1 0 0 5 4 0 20 2 9
1 4 447 2 1 0 5 4 1 20 2 9
2 4 448 3 2 0 5 4 2 20 2 9
3 4 449 4 3 0 5 4 3 20 2 9
4 4 450 N 4 0 5 4 4 20 2 9
5 4 458 6 0 1 5 4 5 20 2 10
6 4 459 7 1 1 5 4 6 20 2 10
7 4 460 8 2 1 5 4 7 20 2 10
8 4 461 9 3 1 5 4 8 20 2 10
9 4 462 N 4 1 5 4 9 20 2 10
10 4 470 11 0 2 5 4 10 20 2 11
11 4 471 12 1 2 5 4 11 20 2 11
12 4 472 13 2 2 5 4 12 20 2 11
13 4 473 14 3 2 5 4 13 20 2 11
14 4 474 N 4 2 5 4 14 20 2 11
15 4 482 16 0 3 5 4 15 20 2 12
16 4 483 17 1 3 5 4 16 20 2 12
17 4 484 18 2 3 5 4 17 20 2 12
18 4 485 19 3 3 5 4 18 20 2 12
19 4 486 N 4 3 5 4 19 20 2 12
0 4 446 1 0 0 5 4 0 20 2 9
1 4 447 2 1 0 5 4 1 20 2 9
2 4 448 3 2 0 5 4 2 20 2 9
3 4 449 4 3 0 5 4 3 20 2 9
4 4 450 N 4 0 5 4 4 20 2 9
5 4 458 6 0 1 5 4 5 20 2 10
6 4 459 7 1 1 5 4 6 20 2 10
7 4 460 8 2 1 5 4 7 20 2 10
8 4 461 9 3 1 5 4 8 20 2 10
9 4 462 N 4 1 5 4 9 20 2 10
10 4 470 11 0 2 5 4 10 20 2 11
11 4 471 12 1 2 5 4 11 20 2 11
12 4 472 13 2 2 5 4 12 20 2 11
13 4 473 14 3 2 5 4 13 20 2 11
14 4 474 N 4 2 5 4 14 20 2 11
15 4 482 16 0 3 5 4 15 20 2 12
16 4 483 17 1 3 5 4 16 20 2 12
17 4 484 18 2 3 5 4 17 20 2 12
18 4 485 19 3 3 5 4 18 20 2 12
19 4 486 N 4 3 5 4 19 20 2 12
0 4 278 1 0 0 5 4 0 20 1 9
1 4 279 2 1 0 5 4 1 20 1 9
2 4 280 3 2 0 5 4 2 20 1 9
3 4 281 4 3 0 5 4 3 20 1 9
4 4 282 N 4 0 5 4 4 20 1 9
5 4 290 6 0 1 5 4 5 20 1 10
6 4 291 7 1 1 5 4 6 20 1 10
7 4 292 8 2 1 5 4 7 20 1 10
8 4 293 9 3 1 5 4 8 20 1 10
9 4 294 N 4 1 5 4 9 20 1 10
10 4 302 11 0 2 5 4 10 20 1 11
11 4 303 12 1 2 5 4 11 20 1 11
12 4 304 13 2 2 5 4 12 20 1 11
13 4 305 14 3 2 5 4 13 20 1 11
14 4 306 N 4 2 5 4 14 20 1 11
15 4 314 16 0 3 5 4 15 20 1 12
16 4 315 17 1 3 5 4 16 20 1 12
17 4 316 18 2 3 5 4 17 20 1 12
18 4 317 19 3 3 5 4 18 20 1 12
19 4 318 N 4 3 5 4 19 20 1 12
0 4 278 1 0 0 5 4 0 20 1 9
1 4 279 2 1 0 5 4 1 20 1 9
2 4 280 3 2 0 5 4 2 20 1 9
3 4 281 4 3 0 5 4 3 20 1 9
4 4 282 N 4 0 5 4 4 20 1 9
5 4 290 6 0 1 5 4 5 20 1 10
6 4 291 7 1 1 5 4 6 20 1 10
7 4 292 8 2 1 5 4 7 20 1 10
8 4 293 9 3 1 5 4 8 20 1 10
9 4 294 N 4 1 5 4 9 20 1 10
10 4 302 11 0 2 5 4 10 20 1 11
11 4 303 12 1 2 5 4 11 20 1 11
12 4 304 13 2 2 5 4 12 20 1 11
13 4 305 14 3 2 5 4 13 20 1 11
14 4 306 N 4 2 5 4 14 20 1 11
15 4 314 16 0 3 5 4 15 20 1 12
16 4 315 17 1 3 5 4 16 20 1 12
17 4 316 18 2 3 5 4 17 20 1 12
18 4 317 19 3 3 5 4 18 20 1 12
19 4 318 N 4 3 5 4 19 20 1 12
0 4 446 1 0 0 5 4 0 20 2 9
1 4 447 2 1 0 5 4 1 20 2 9
2 4 448 3 2 0 5 4 2 20 2 9
3 4 449 4 3 0 5 4 3 20 2 9
4 4 450 N 4 0 5 4 4 20 2 9
5 4 458 6 0 1 5 4 5 20 2 10
6 4 459 7 1 1 5 4 6 20 2 10
7 4 460 8 2 1 5 4 7 20 2 10
8 4 461 9 3 1 5 4 8 20 2 10
9 4 462 N 4 1 5 4 9 20 2 10
10 4 470 11 0 2 5 4 10 20 2 11
11 4 471 12 1 2 5 4 11 20 2 11
12 4 472 13 2 2 5 4 12 20 2 11
13 4 473 14 3 2 5 4 13 20 2 11
14 4 474 N 4 2 5 4 14 20 2 11
15 4 482 16 0 3 5 4 15 20 2 12
16 4 483 17 1 3 5 4 16 20 2 12
17 4 484 18 2 3 5 4 17 20 2 12
18 4 485 19 3 3 5 4 18 20 2 12
19 4 486 N 4 3 5 4 19 20 2 12
0 4 446 1 0 0 5 4 0 20 2 9
1 4 447 2 1 0 5 4 1 20 2 9
2 4 448 3 2 0 5 4 2 20 2 9
3 4 449 4 3 0 5 4 3 20 2 9
4 4 450 N 4 0 5 4 4 20 2 9
5 4 458 6 0 1 5 4 5 20 2 10
6 4 459 7 1 1 5 4 6 20 2 10
7 4 460 8 2 1 5 4 7 20 2 10
8 4 461 9 3 1 5 4 8 20 2 10
9 4 462 N 4 1 5 4 9 20 2 10
10 4 470 11 0 2 5 4 10 20 2 11
11 4 471 12 1 2 5 4 11 20 2 11
12 4 472 13 2 2 5 4 12 20 2 11
13 4 473 14 3 2 5 4 13 20 2 11
14 4 474 N 4 2 5 4 14 20 2 11
15 4 482 16 0 3 5 4 15 20 2 12
16 4 483 17 1 3 5 4 16 20 2 12
17 4 484 18 2 3 5 4 17 20 2 12
18 4 485 19 3 3 5 4 18 20 2 12
19 4 486 N 4 3 5 4 19 20 2 12
0 5 283 1 0 0 5 4 0 20 1 9
1 5 284 2 1 0 5 4 1 20 1 9
2 5 285 3 2 0 5 4 2 20 1 9
3 5 286 4 3 0 5 4 3 20 1 9
4 5 287 N 4 0 5 4 4 20 1 9
5 5 295 6 0 1 5 4 5 20 1 10
6 5 296 7 1 1 5 4 6 20 1 10
7 5 297 8 2 1 5 4 7 20 1 10
8 5 298 9 3 1 5 4 8 20 1 10
9 5 299 N 4 1 5 4 9 20 1 10
10 5 307 11 0 2 5 4 10 20 1 11
11 5 308 12 1 2 5 4 11 20 1 11
12 5 309 13 2 2 5 4 12 20 1 11
13 5 310 14 3 2 5 4 13 20 1 11
14 5 311 N 4 2 5 4 14 20 1 11
15 5 319 16 0 3 5 4 15 20 1 12
16 5 320 17 1 3 5 4 16 20 1 12
17 5 321 18 2 3 5 4 17 20 1 12
18 5 322 19 3 3 5 4 18 20 1 12
19 5 323 N 4 3 5 4 19 20 1 12
0 5 283 1 0 0 5 4 0 20 1 9
1 5 284 2 1 0 5 4 1 20 1 9
2 5 285 3 2 0 5 4 2 20 1 9
3 5 286 4 3 0 5 4 3 20 1 9
4 5 287 N 4 0 5 4 4 20 1 9
5 5 295 6 0 1 5 4 5 20 1 10
6 5 296 7 1 1 5 4 6 20 1 10
7 5 297 8 2 1 5 4 7 20 1 10
8 5 298 9 3 1 5 4 8 20 1 10
9 5 299 N 4 1 5 4 9 20 1 10
10 5 307 11 0 2 5 4 10 20 1 11
11 5 308 12 1 2 5 4 11 20 1 11
12 5 309 13 2 2 5 4 12 20 1 11
13 5 310 14 3 2 5 4 13 20 1 11
14 5 311 N 4 2 5 4 14 20 1 11
15 5 319 16 0 3 5 4 15 20 1 12
16 5 320 17 1 3 5 4 16 20 1 12
17 5 321 18 2 3 5 4 17 20 1 12
18 5 322 19 3 3 5 4 18 20 1 12
19 5 323 N 4 3 5 4 19 20 1 12
0 5 451 1 0 0 5 4 0 20 2 9
1 5 452 2 1 0 5 4 1 20 2 9
2 5 453 3 2 0 5 4 2 20 2 9
3 5 454 4 3 0 5 4 3 20 2 9
4 5 455 N 4 0 5 4 4 20 2 9
5 5 463 6 0 1 5 4 5 20 2 10
6 5 464 7 1 1 5 4 6 20 2 10
7 5 465 8 2 1 5 4 7 20 2 10
8 5 466 9 3 1 5 4 8 20 2 10
9 5 467 N 4 1 5 4 9 20 2 10
10 5 475 11 0 2 5 4 10 20 2 11
11 5 476 12 1 2 5 4 11 20 2 11
12 5 477 13 2 2 5 4 12 20 2 11
13 5 478 14 3 2 5 4 13 20 2 11
14 5 479 N 4 2 5 4 14 20 2 11
15 5 487 16 0 3 5 4 15 20 2 12
16 5 488 17 1 3 5 4 16 20 2 12
17 5 489 18 2 3 5 4 17 20 2 12
18 5 490 19 3 3 5 4 18 20 2 12
19 5 491 N 4 3 5 4 19 20 2 12
0 5 451 1 0 0 5 4 0 20 2 9
1 5 452 2 1 0 5 4 1 20 2 9
2 5 453 3 2 0 5 4 2 20 2 9
3 5 454 4 3 0 5 4 3 20 2 9
4 5 455 N 4 0 5 4 4 20 2 9
5 5 463 6 0 1 5 4 5 20 2 10
6 5 464 7 1 1 5 4 6 20 2 10
7 5 465 8 2 1 5 4 7 20 2 10
8 5 466 9 3 1 5 4 8 20 2 10
9 5 467 N 4 1 5 4 9 20 2 10
10 5 475 11 0 2 5 4 10 20 2 11
11 5 476 12 1 2 5 4 11 20 2 11
12 5 477 13 2 2 5 4 12 20 2 11
13 5 478 14 3 2 5 4 13 20 2 11
14 5 479 N 4 2 5 4 14 20 2 11
15 5 487 16 0 3 5 4 15 20 2 12
16 5 488 17 1 3 5 4 16 20 2 12
17 5 489 18 2 3 5 4 17 20 2 12
18 5 490 19 3 3 5 4 18 20 2 12
19 5 491 N 4 3 5 4 19 20 2 12
0 5 283 1 0 0 5 4 0 20 1 9
1 5 284 2 1 0 5 4 1 20 1 9
2 5 285 3 2 0 5 4 2 20 1 9
3 5 286 4 3 0 5 4 3 20 1 9
4 5 287 N 4 0 5 4 4 20 1 9
5 5 295 6 0 1 5 4 5 20 1 10
6 5 296 7 1 1 5 4 6 20 1 10
7 5 297 8 2 1 5 4 7 20 1 10
8 5 298 9 3 1 5 4 8 20 1 10
9 5 299 N 4 1 5 4 9 20 1 10
10 5 307 11 0 2 5 4 10 20 1 11
11 5 308 12 1 2 5 4 11 20 1 11
12 5 309 13 2 2 5 4 12 20 1 11
13 5 310 14 3 2 5 4 13 20 1 11
14 5 311 N 4 2 5 4 14 20 1 11
15 5 319 16 0 3 5 4 15 20 1 12
16 5 320 17 1 3 5 4 16 20 1 12
17 5 321 18 2 3 5 4 17 20 1 12
18 5 322 19 3 3 5 4 18 20 1 12
19 5 323 N 4 3 5 4 19 20 1 12
0 5 283 1 0 0 5 4 0 20 1 9
1 5 284 2 1 0 5 4 1 20 1 9
2 5 285 3 2 0 5 4 2 20 1 9
3 5 286 4 3 0 5 4 3 20 1 9
4 5 287 N 4 0 5 4 4 20 1 9
5 5 295 6 0 1 5 4 5 20 1 10
6 5 296 7 1 1 5 4 6 20 1 10
7 5 297 8 2 1 5 4 7 20 1 10
8 5 298 9 3 1 5 4 8 20 1 10
9 5 299 N 4 1 5 4 9 20 1 10
10 5 307 11 0 2 5 4 10 20 1 11
11 5 308 12 1 2 5 4 11 20 1 11
12 5 309 13 2 2 5 4 12 20 1 11
13 5 310 14 3 2 5 4 13 20 1 11
14 5 311 N 4 2 5 4 14 20 1 11
15 5 319 16 0 3 5 4 15 20 1 12
16 5 320 17 1 3 5 4 16 20 1 12
17 5 321 18 2 3 5 4 17 20 1 12
18 5 322 19 3 3 5 4 18 20 1 12
19 5 323 N 4 3 5 4 19 20 1 12
0 5 451 1 0 0 5 4 0 20 2 9
1 5 452 2 1 0 5 4 1 20 2 9
2 5 453 3 2 0 5 4 2 20 2 9
3 5 454 4 3 0 5 4 3 20 2 9
4 5 455 N 4 0 5 4 4 20 2 9
5 5 463 6 0 1 5 4 5 20 2 10
6 5 464 7 1 1 5 4 6 20 2 10
7 5 465 8 2 1 5 4 7 20 2 10
8 5 466 9 3 1 5 4 8 20 2 10
9 5 467 N 4 1 5 4 9 20 2 10
10 5 475 11 0 2 5 4 10 20 2 11
11 5 476 12 1 2 5 4 11 20 2 11
12 5 477 13 2 2 5 4 12 20 2 11
13 5 478 14 3 2 5 4 13 20 2 11
14 5 479 N 4 2 5 4 14 20 2 11
15 5 487 16 0 3 5 4 15 20 2 12
16 5 488 17 1 3 5 4 16 20 2 12
17 5 489 18 2 3 5 4 17 20 2 12
18 5 490 19 3 3 5 4 18 20 2 12
19 5 491 N 4 3 5 4 19 20 2 12
0 5 451 1 0 0 5 4 0 20 2 9
1 5 452 2 1 0 5 4 1 20 2 9
2 5 453 3 2 0 5 4 2 20 2 9
3 5 454 4 3 0 5 4 3 20 2 9
4 5 455 N 4 0 5 4 4 20 2 9
5 5 463 6 0 1 5 4 5 20 2 10
6 5 464 7 1 1 5 4 6 20 2 10
7 5 465 8 2 1 5 4 7 20 2 10
8 5 466 9 3 1 5 4 8 20 2 10
9 5 467 N 4 1 5 4 9 20 2 10
10 5 475 11 0 2 5 4 10 20 2 11
11 5 476 12 1 2 5 4 11 20 2 11
12 5 477 13 2 2 5 4 12 20 2 11
13 5 478 14 3 2 5 4 13 20 2 11
14 5 479 N 4 2 5 4 14 20 2 11
15 5 487 16 0 3 5 4 15 20 2 12
16 5 488 17 1 3 5 4 16 20 2 12
17 5 489 18 2 3 5 4 17 20 2 12
18 5 490 19 3 3 5 4 18 20 2 12
19 5 491 N 4 3 5 4 19 20 2 12
0 5 283 1 0 0 5 4 0 20 1 9
1 5 284 2 1 0 5 4 1 20 1 9
2 5 285 3 2 0 5 4 2 20 1 9
3 5 286 4 3 0 5 4 3 20 1 9
4 5 287 N 4 0 5 4 4 20 1 9
5 5 295 6 0 1 5 4 5 20 1 10
6 5 296 7 1 1 5 4 6 20 1 10
7 5 297 8 2 1 5 4 7 20 1 10
8 5 298 9 3 1 5 4 8 20 1 10
9 5 299 N 4 1 5 4 9 20 1 10
10 5 307 11 0 2 5 4 10 20 1 11
11 5 308 12 1 2 5 4 11 20 1 11
12 5 309 13 2 2 5 4 12 20 1 11
13 5 310 14 3 2 5 4 13 20 1 11
14 5 311 N 4 2 5 4 14 20 1 11
15 5 319 16 0 3 5 4 15 20 1 12
16 5 320 17 1 3 5 4 16 20 1 12
17 5 321 18 2 3 5 4 17 20 1 12
18 5 322 19 3 3 5 4 18 20 1 12
19 5 323 N 4 3 5 4 19 20 1 12
0 5 283 1 0 0 5 4 0 20 1 9
1 5 284 2 1 0 5 4 1 20 1 9
2 5 285 3 2 0 5 4 2 20 1 9
3 5 286 4 3 0 5 4 3 20 1 9
4 5 287 N 4 0 5 4 4 20 1 9
5 5 295 6 0 1 5 4 5 20 1 10
6 5 296 7 1 1 5 4 6 20 1 10
7 5 297 8 2 1 5 4 7 20 1 10
8 5 298 9 3 1 5 4 8 20 1 10
9 5 299 N 4 1 5 4 9 20 1 10
10 5 307 11 0 2 5 4 10 20 1 11
11 5 308 12 1 2 5 4 11 20 1 11
12 5 309 13 2 2 5 4 12 20 1 11
13 5 310 14 3 2 5 4 13 20 1 11
14 5 311 N 4 2 5 4 14 20 1 11
15 5 319 16 0 3 5 4 15 20 1 12
16 5 320 17 1 3 5 4 16 20 1 12
17 5 321 18 2 3 5 4 17 20 1 12
18 5 322 19 3 3 5 4 18 20 1 12
19 5 323 N 4 3 5 4 19 20 1 12
0 5 451 1 0 0 5 4 0 20 2 9
1 5 452 2 1 0 5 4 1 20 2 9
2 5 453 3 2 0 5 4 2 20 2 9
3 5 454 4 3 0 5 4 3 20 2 9
4 5 455 N 4 0 5 4 4 20 2 9
5 5 463 6 0 1 5 4 5 20 2 10
6 5 464 7 1 1 5 4 6 20 2 10
7 5 465 8 2 1 5 4 7 20 2 10
8 5 466 9 3 1 5 4 8 20 2 10
9 5 467 N 4 1 5 4 9 20 2 10
10 5 475 11 0 2 5 4 10 20 2 11
11 5 476 12 1 2 5 4 11 20 2 11
12 5 477 13 2 2 5 4 12 20 2 11
13 5 478 14 3 2 5 4 13 20 2 11
14 5 479 N 4 2 5 4 14 20 2 11
15 5 487 16 0 3 5 4 15 20 2 12
16 5 488 17 1 3 5 4 16 20 2 12
17 5 489 18 2 3 5 4 17 20 2 12
18 5 490 19 3 3 5 4 18 20 2 12
19 5 491 N 4 3 5 4 19 20 2 12
0 5 451 1 0 0 5 4 0 20 2 9
1 5 452 2 1 0 5 4 1 20 2 9
2 5 453 3 2 0 5 4 2 20 2 9
3 5 454 4 3 0 5 4 3 20 2 9
4 5 455 N 4 0 5 4 4 20 2 9
5 5 463 6 0 1 5 4 5 20 2 10
6 5 464 7 1 1 5 4 6 20 2 10
7 5 465 8 2 1 5 4 7 20 2 10
8 5 466 9 3 1 5 4 8 20 2 10
9 5 467 N 4 1 5 4 9 20 2 10
10 5 475 11 0 2 5 4 10 20 2 11
11 5 476 12 1 2 5 4 11 20 2 11
12 5 477 13 2 2 5 4 12 20 2 11
13 5 478 14 3 2 5 4 13 20 2 11
14 5 479 N 4 2 5 4 14 20 2 11
15 5 487 16 0 3 5 4 15 20 2 12
16 5 488 17 1 3 5 4 16 20 2 12
17 5 489 18 2 3 5 4 17 20 2 12
18 5 490 19 3 3 5 4 18 20 2 12
19 5 491 N 4 3 5 4 19 20 2 12
