did bid i smix tcol c brow k i bdimx bcol trow BLOCKSIZE x row col c2
0 0 0 0 0 0 0 0 0 4 0 0 16 0 0 0 0
4 0 12 4 0 12 0 0 0 4 0 1 16 0 1 0 4
8 0 24 8 0 24 0 0 0 4 0 2 16 0 2 0 8
12 0 36 12 0 36 0 0 0 4 0 3 16 0 3 0 12
0 0 1 1 0 0 0 1 0 4 0 0 16 0 0 0 0
4 0 13 5 0 12 0 1 0 4 0 1 16 0 1 0 4
8 0 25 9 0 24 0 1 0 4 0 2 16 0 2 0 8
12 0 37 13 0 36 0 1 0 4 0 3 16 0 3 0 12
0 0 2 2 0 0 0 2 0 4 0 0 16 12 0 0 0
4 0 14 6 0 12 0 2 0 4 0 1 16 156 1 0 4
8 0 26 10 0 24 0 2 0 4 0 2 16 300 2 0 8
12 0 38 14 0 36 0 2 0 4 0 3 16 444 3 0 12
0 0 3 3 0 0 0 3 0 4 0 0 16 60 0 0 0
4 0 15 7 0 12 0 3 0 4 0 1 16 492 1 0 4
8 0 27 11 0 24 0 3 0 4 0 2 16 924 2 0 8
12 0 39 15 0 36 0 3 0 4 0 3 16 1356 3 0 12
0 0 4 0 0 0 0 0 1 4 0 0 16 168 0 0 0
4 0 16 4 0 12 0 0 1 4 0 1 16 1032 1 0 4
8 0 28 8 0 24 0 0 1 4 0 2 16 1896 2 0 8
12 0 40 12 0 36 0 0 1 4 0 3 16 2760 3 0 12
0 0 5 1 0 0 0 1 1 4 0 0 16 360 0 0 0
4 0 17 5 0 12 0 1 1 4 0 1 16 1800 1 0 4
8 0 29 9 0 24 0 1 1 4 0 2 16 3240 2 0 8
12 0 41 13 0 36 0 1 1 4 0 3 16 4680 3 0 12
0 0 6 2 0 0 0 2 1 4 0 0 16 660 0 0 0
4 0 18 6 0 12 0 2 1 4 0 1 16 2820 1 0 4
8 0 30 10 0 24 0 2 1 4 0 2 16 4980 2 0 8
12 0 42 14 0 36 0 2 1 4 0 3 16 7140 3 0 12
0 0 7 3 0 0 0 3 1 4 0 0 16 1092 0 0 0
4 0 19 7 0 12 0 3 1 4 0 1 16 4116 1 0 4
8 0 31 11 0 24 0 3 1 4 0 2 16 7140 2 0 8
12 0 43 15 0 36 0 3 1 4 0 3 16 10164 3 0 12
0 0 8 0 0 0 0 0 2 4 0 0 16 1680 0 0 0
4 0 20 4 0 12 0 0 2 4 0 1 16 5712 1 0 4
8 0 32 8 0 24 0 0 2 4 0 2 16 9744 2 0 8
12 0 44 12 0 36 0 0 2 4 0 3 16 13776 3 0 12
0 0 9 1 0 0 0 1 2 4 0 0 16 2448 0 0 0
4 0 21 5 0 12 0 1 2 4 0 1 16 7632 1 0 4
8 0 33 9 0 24 0 1 2 4 0 2 16 12816 2 0 8
12 0 45 13 0 36 0 1 2 4 0 3 16 18000 3 0 12
0 0 10 2 0 0 0 2 2 4 0 0 16 3420 0 0 0
4 0 22 6 0 12 0 2 2 4 0 1 16 9900 1 0 4
8 0 34 10 0 24 0 2 2 4 0 2 16 16380 2 0 8
12 0 46 14 0 36 0 2 2 4 0 3 16 22860 3 0 12
0 0 11 3 0 0 0 3 2 4 0 0 16 4620 0 0 0
4 0 23 7 0 12 0 3 2 4 0 1 16 12540 1 0 4
8 0 35 11 0 24 0 3 2 4 0 2 16 20460 2 0 8
12 0 47 15 0 36 0 3 2 4 0 3 16 28380 3 0 12
0 3 48 0 0 48 1 0 0 4 0 0 16 0 4 0 0
4 3 60 4 0 60 1 0 0 4 0 1 16 0 5 0 4
8 3 72 8 0 72 1 0 0 4 0 2 16 0 6 0 8
12 3 84 12 0 84 1 0 0 4 0 3 16 0 7 0 12
0 3 49 1 0 48 1 1 0 4 0 0 16 0 4 0 0
4 3 61 5 0 60 1 1 0 4 0 1 16 0 5 0 4
8 3 73 9 0 72 1 1 0 4 0 2 16 0 6 0 8
12 3 85 13 0 84 1 1 0 4 0 3 16 0 7 0 12
0 3 50 2 0 48 1 2 0 4 0 0 16 588 4 0 0
4 3 62 6 0 60 1 2 0 4 0 1 16 732 5 0 4
8 3 74 10 0 72 1 2 0 4 0 2 16 876 6 0 8
12 3 86 14 0 84 1 2 0 4 0 3 16 1020 7 0 12
0 3 51 3 0 48 1 3 0 4 0 0 16 1788 4 0 0
4 3 63 7 0 60 1 3 0 4 0 1 16 2220 5 0 4
8 3 75 11 0 72 1 3 0 4 0 2 16 2652 6 0 8
12 3 87 15 0 84 1 3 0 4 0 3 16 3084 7 0 12
0 3 52 0 0 48 1 0 1 4 0 0 16 3624 4 0 0
4 3 64 4 0 60 1 0 1 4 0 1 16 4488 5 0 4
8 3 76 8 0 72 1 0 1 4 0 2 16 5352 6 0 8
12 3 88 12 0 84 1 0 1 4 0 3 16 6216 7 0 12
0 3 53 1 0 48 1 1 1 4 0 0 16 6120 4 0 0
4 3 65 5 0 60 1 1 1 4 0 1 16 7560 5 0 4
8 3 77 9 0 72 1 1 1 4 0 2 16 9000 6 0 8
12 3 89 13 0 84 1 1 1 4 0 3 16 10440 7 0 12
0 3 54 2 0 48 1 2 1 4 0 0 16 9300 4 0 0
4 3 66 6 0 60 1 2 1 4 0 1 16 11460 5 0 4
8 3 78 10 0 72 1 2 1 4 0 2 16 13620 6 0 8
12 3 90 14 0 84 1 2 1 4 0 3 16 15780 7 0 12
0 3 55 3 0 48 1 3 1 4 0 0 16 13188 4 0 0
4 3 67 7 0 60 1 3 1 4 0 1 16 16212 5 0 4
8 3 79 11 0 72 1 3 1 4 0 2 16 19236 6 0 8
12 3 91 15 0 84 1 3 1 4 0 3 16 22260 7 0 12
0 3 56 0 0 48 1 0 2 4 0 0 16 17808 4 0 0
4 3 68 4 0 60 1 0 2 4 0 1 16 21840 5 0 4
8 3 80 8 0 72 1 0 2 4 0 2 16 25872 6 0 8
12 3 92 12 0 84 1 0 2 4 0 3 16 29904 7 0 12
0 3 57 1 0 48 1 1 2 4 0 0 16 23184 4 0 0
4 3 69 5 0 60 1 1 2 4 0 1 16 28368 5 0 4
8 3 81 9 0 72 1 1 2 4 0 2 16 33552 6 0 8
12 3 93 13 0 84 1 1 2 4 0 3 16 38736 7 0 12
0 3 58 2 0 48 1 2 2 4 0 0 16 29340 4 0 0
4 3 70 6 0 60 1 2 2 4 0 1 16 35820 5 0 4
8 3 82 10 0 72 1 2 2 4 0 2 16 42300 6 0 8
12 3 94 14 0 84 1 2 2 4 0 3 16 48780 7 0 12
0 3 59 3 0 48 1 3 2 4 0 0 16 36300 4 0 0
4 3 71 7 0 60 1 3 2 4 0 1 16 44220 5 0 4
8 3 83 11 0 72 1 3 2 4 0 2 16 52140 6 0 8
12 3 95 15 0 84 1 3 2 4 0 3 16 60060 7 0 12
0 6 96 0 0 96 2 0 0 4 0 0 16 0 8 0 0
4 6 108 4 0 108 2 0 0 4 0 1 16 0 9 0 4
8 6 120 8 0 120 2 0 0 4 0 2 16 0 10 0 8
12 6 132 12 0 132 2 0 0 4 0 3 16 0 11 0 12
0 6 97 1 0 96 2 1 0 4 0 0 16 0 8 0 0
4 6 109 5 0 108 2 1 0 4 0 1 16 0 9 0 4
8 6 121 9 0 120 2 1 0 4 0 2 16 0 10 0 8
12 6 133 13 0 132 2 1 0 4 0 3 16 0 11 0 12
0 6 98 2 0 96 2 2 0 4 0 0 16 1164 8 0 0
4 6 110 6 0 108 2 2 0 4 0 1 16 1308 9 0 4
8 6 122 10 0 120 2 2 0 4 0 2 16 1452 10 0 8
12 6 134 14 0 132 2 2 0 4 0 3 16 1596 11 0 12
0 6 99 3 0 96 2 3 0 4 0 0 16 3516 8 0 0
4 6 111 7 0 108 2 3 0 4 0 1 16 3948 9 0 4
8 6 123 11 0 120 2 3 0 4 0 2 16 4380 10 0 8
12 6 135 15 0 132 2 3 0 4 0 3 16 4812 11 0 12
0 6 100 0 0 96 2 0 1 4 0 0 16 7080 8 0 0
4 6 112 4 0 108 2 0 1 4 0 1 16 7944 9 0 4
8 6 124 8 0 120 2 0 1 4 0 2 16 8808 10 0 8
12 6 136 12 0 132 2 0 1 4 0 3 16 9672 11 0 12
0 6 101 1 0 96 2 1 1 4 0 0 16 11880 8 0 0
4 6 113 5 0 108 2 1 1 4 0 1 16 13320 9 0 4
8 6 125 9 0 120 2 1 1 4 0 2 16 14760 10 0 8
12 6 137 13 0 132 2 1 1 4 0 3 16 16200 11 0 12
0 6 102 2 0 96 2 2 1 4 0 0 16 17940 8 0 0
4 6 114 6 0 108 2 2 1 4 0 1 16 20100 9 0 4
8 6 126 10 0 120 2 2 1 4 0 2 16 22260 10 0 8
12 6 138 14 0 132 2 2 1 4 0 3 16 24420 11 0 12
0 6 103 3 0 96 2 3 1 4 0 0 16 25284 8 0 0
4 6 115 7 0 108 2 3 1 4 0 1 16 28308 9 0 4
8 6 127 11 0 120 2 3 1 4 0 2 16 31332 10 0 8
12 6 139 15 0 132 2 3 1 4 0 3 16 34356 11 0 12
0 6 104 0 0 96 2 0 2 4 0 0 16 33936 8 0 0
4 6 116 4 0 108 2 0 2 4 0 1 16 37968 9 0 4
8 6 128 8 0 120 2 0 2 4 0 2 16 42000 10 0 8
12 6 140 12 0 132 2 0 2 4 0 3 16 46032 11 0 12
0 6 105 1 0 96 2 1 2 4 0 0 16 43920 8 0 0
4 6 117 5 0 108 2 1 2 4 0 1 16 49104 9 0 4
8 6 129 9 0 120 2 1 2 4 0 2 16 54288 10 0 8
12 6 141 13 0 132 2 1 2 4 0 3 16 59472 11 0 12
0 6 106 2 0 96 2 2 2 4 0 0 16 55260 8 0 0
4 6 118 6 0 108 2 2 2 4 0 1 16 61740 9 0 4
8 6 130 10 0 120 2 2 2 4 0 2 16 68220 10 0 8
12 6 142 14 0 132 2 2 2 4 0 3 16 74700 11 0 12
0 6 107 3 0 96 2 3 2 4 0 0 16 67980 8 0 0
4 6 119 7 0 108 2 3 2 4 0 1 16 75900 9 0 4
8 6 131 11 0 120 2 3 2 4 0 2 16 83820 10 0 8
12 6 143 15 0 132 2 3 2 4 0 3 16 91740 11 0 12
