tid bid gmix smix i j c tid-x tid-y c2 bx by nx ny nz
0 0 0 0 0 0 0 0 0 0 3 3 6 6 3
2 0 1 1 2 0 2 2 0 2 3 3 6 6 3
3 0 6 3 0 1 6 0 1 3 3 3 6 6 3
5 0 7 4 2 1 8 2 1 5 3 3 6 6 3
6 0 12 6 0 2 12 0 2 6 3 3 6 6 3
8 0 13 7 2 2 14 2 2 8 3 3 6 6 3
0 0 36 0 0 0 36 0 0 0 3 3 6 6 3
2 0 37 1 2 0 38 2 0 2 3 3 6 6 3
3 0 42 3 0 1 42 0 1 3 3 3 6 6 3
5 0 43 4 2 1 44 2 1 5 3 3 6 6 3
6 0 48 6 0 2 48 0 2 6 3 3 6 6 3
8 0 49 7 2 2 50 2 2 8 3 3 6 6 3
0 0 72 0 0 0 72 0 0 0 3 3 6 6 3
2 0 73 1 2 0 74 2 0 2 3 3 6 6 3
3 0 78 3 0 1 78 0 1 3 3 3 6 6 3
5 0 79 4 2 1 80 2 1 5 3 3 6 6 3
6 0 84 6 0 2 84 0 2 6 3 3 6 6 3
8 0 85 7 2 2 86 2 2 8 3 3 6 6 3
0 1 2 N 3 0 3 0 0 0 3 3 6 6 3
1 1 3 0 4 0 4 1 0 1 3 3 6 6 3
2 1 4 1 5 0 5 2 0 2 3 3 6 6 3
3 1 8 N 3 1 9 0 1 3 3 3 6 6 3
4 1 9 3 4 1 10 1 1 4 3 3 6 6 3
5 1 10 4 5 1 11 2 1 5 3 3 6 6 3
6 1 14 N 3 2 15 0 2 6 3 3 6 6 3
7 1 15 6 4 2 16 1 2 7 3 3 6 6 3
8 1 16 7 5 2 17 2 2 8 3 3 6 6 3
0 1 38 N 3 0 39 0 0 0 3 3 6 6 3
1 1 39 0 4 0 40 1 0 1 3 3 6 6 3
2 1 40 1 5 0 41 2 0 2 3 3 6 6 3
3 1 44 N 3 1 45 0 1 3 3 3 6 6 3
4 1 45 3 4 1 46 1 1 4 3 3 6 6 3
5 1 46 4 5 1 47 2 1 5 3 3 6 6 3
6 1 50 N 3 2 51 0 2 6 3 3 6 6 3
7 1 51 6 4 2 52 1 2 7 3 3 6 6 3
8 1 52 7 5 2 53 2 2 8 3 3 6 6 3
0 1 74 N 3 0 75 0 0 0 3 3 6 6 3
1 1 75 0 4 0 76 1 0 1 3 3 6 6 3
2 1 76 1 5 0 77 2 0 2 3 3 6 6 3
3 1 80 N 3 1 81 0 1 3 3 3 6 6 3
4 1 81 3 4 1 82 1 1 4 3 3 6 6 3
5 1 82 4 5 1 83 2 1 5 3 3 6 6 3
6 1 86 N 3 2 87 0 2 6 3 3 6 6 3
7 1 87 6 4 2 88 1 2 7 3 3 6 6 3
8 1 88 7 5 2 89 2 2 8 3 3 6 6 3
0 2 18 0 0 3 18 0 0 0 3 3 6 6 3
2 2 19 1 2 3 20 2 0 2 3 3 6 6 3
3 2 24 3 0 4 24 0 1 3 3 3 6 6 3
5 2 25 4 2 4 26 2 1 5 3 3 6 6 3
6 2 30 6 0 5 30 0 2 6 3 3 6 6 3
8 2 31 7 2 5 32 2 2 8 3 3 6 6 3
0 2 54 0 0 3 54 0 0 0 3 3 6 6 3
2 2 55 1 2 3 56 2 0 2 3 3 6 6 3
3 2 60 3 0 4 60 0 1 3 3 3 6 6 3
5 2 61 4 2 4 62 2 1 5 3 3 6 6 3
6 2 66 6 0 5 66 0 2 6 3 3 6 6 3
8 2 67 7 2 5 68 2 2 8 3 3 6 6 3
0 2 90 0 0 3 90 0 0 0 3 3 6 6 3
2 2 91 1 2 3 92 2 0 2 3 3 6 6 3
3 2 96 3 0 4 96 0 1 3 3 3 6 6 3
5 2 97 4 2 4 98 2 1 5 3 3 6 6 3
6 2 102 6 0 5 102 0 2 6 3 3 6 6 3
8 2 103 7 2 5 104 2 2 8 3 3 6 6 3
0 3 20 N 3 3 21 0 0 0 3 3 6 6 3
1 3 21 0 4 3 22 1 0 1 3 3 6 6 3
2 3 22 1 5 3 23 2 0 2 3 3 6 6 3
3 3 26 N 3 4 27 0 1 3 3 3 6 6 3
4 3 27 3 4 4 28 1 1 4 3 3 6 6 3
5 3 28 4 5 4 29 2 1 5 3 3 6 6 3
6 3 32 N 3 5 33 0 2 6 3 3 6 6 3
7 3 33 6 4 5 34 1 2 7 3 3 6 6 3
8 3 34 7 5 5 35 2 2 8 3 3 6 6 3
0 3 56 N 3 3 57 0 0 0 3 3 6 6 3
1 3 57 0 4 3 58 1 0 1 3 3 6 6 3
2 3 58 1 5 3 59 2 0 2 3 3 6 6 3
3 3 62 N 3 4 63 0 1 3 3 3 6 6 3
4 3 63 3 4 4 64 1 1 4 3 3 6 6 3
5 3 64 4 5 4 65 2 1 5 3 3 6 6 3
6 3 68 N 3 5 69 0 2 6 3 3 6 6 3
7 3 69 6 4 5 70 1 2 7 3 3 6 6 3
8 3 70 7 5 5 71 2 2 8 3 3 6 6 3
0 3 92 N 3 3 93 0 0 0 3 3 6 6 3
1 3 93 0 4 3 94 1 0 1 3 3 6 6 3
2 3 94 1 5 3 95 2 0 2 3 3 6 6 3
3 3 98 N 3 4 99 0 1 3 3 3 6 6 3
4 3 99 3 4 4 100 1 1 4 3 3 6 6 3
5 3 100 4 5 4 101 2 1 5 3 3 6 6 3
6 3 104 N 3 5 105 0 2 6 3 3 6 6 3
7 3 105 6 4 5 106 1 2 7 3 3 6 6 3
8 3 106 7 5 5 107 2 2 8 3 3 6 6 3
